16 28 31
16 29 31
16 29 36
16 30 31
16 30 36
16 31 31
16 31 36
16 32 31
16 33 31
16 34 31
16 35 31
16 40 33
17 25 31
17 26 31
17 27 31
17 28 31
17 29 31
17 29 36
17 30 31
17 30 36
17 31 31
17 31 36
17 32 31
17 33 31
17 34 31
17 35 31
17 36 31
17 37 31
17 38 31
17 40 33
18 23 31
18 24 31
18 25 31
18 26 31
18 27 31
18 28 31
18 29 31
18 29 36
18 30 31
18 30 36
18 30 46
18 31 31
18 31 36
18 32 31
18 33 31
18 34 31
18 35 31
18 36 31
18 37 31
18 38 31
18 39 31
18 40 31
18 40 33
19 22 31
19 23 31
19 24 31
19 25 31
19 26 31
19 27 31
19 28 30
19 28 31
19 28 32
19 29 30
19 29 31
19 29 32
19 29 36
19 29 46
19 30 30
19 30 31
19 30 32
19 30 36
19 31 30
19 31 31
19 31 32
19 31 36
19 31 46
19 32 30
19 32 31
19 32 32
19 33 30
19 33 31
19 33 32
19 34 30
19 34 31
19 34 32
19 35 30
19 35 31
19 35 32
19 36 31
19 37 31
19 38 31
19 39 31
19 40 31
19 40 33
19 41 31
20 21 31
20 22 31
20 23 31
20 24 31
20 25 31
20 26 29
20 26 30
20 26 31
20 26 32
20 27 19
20 27 30
20 27 31
20 27 32
20 28 30
20 28 31
20 28 32
20 28 38
20 28 46
20 28 47
20 29 29
20 29 30
20 29 31
20 29 32
20 29 33
20 29 36
20 29 47
20 30 29
20 30 30
20 30 31
20 30 32
20 30 33
20 30 36
20 31 29
20 31 30
20 31 31
20 31 32
20 31 33
20 31 36
20 31 46
20 32 29
20 32 30
20 32 31
20 32 32
20 32 33
20 32 40
20 32 43
20 33 29
20 33 30
20 33 31
20 33 32
20 33 33
20 33 40
20 33 43
20 34 27
20 34 29
20 34 30
20 34 31
20 34 32
20 34 33
20 34 40
20 35 27
20 35 30
20 35 31
20 35 32
20 36 30
20 36 31
20 36 32
20 37 30
20 37 31
20 37 32
20 38 31
20 39 31
20 39 35
20 40 31
20 40 33
20 41 31
20 42 31
21 20 31
21 21 31
21 22 31
21 23 31
21 24 29
21 24 30
21 24 31
21 24 32
21 25 29
21 25 30
21 25 31
21 25 32
21 26 29
21 26 30
21 26 31
21 26 32
21 26 33
21 27 19
21 27 29
21 27 30
21 27 31
21 27 32
21 27 33
21 28 28
21 28 29
21 28 30
21 28 31
21 28 32
21 28 33
21 28 34
21 28 38
21 28 40
21 28 46
21 28 47
21 29 28
21 29 29
21 29 30
21 29 31
21 29 32
21 29 33
21 29 34
21 29 36
21 29 40
21 29 46
21 29 47
21 30 28
21 30 29
21 30 30
21 30 31
21 30 32
21 30 33
21 30 34
21 30 36
21 30 40
21 30 46
21 31 28
21 31 29
21 31 30
21 31 31
21 31 32
21 31 33
21 31 34
21 31 36
21 31 40
21 31 46
21 32 28
21 32 29
21 32 30
21 32 31
21 32 32
21 32 33
21 32 34
21 32 40
21 32 43
21 33 28
21 33 29
21 33 30
21 33 31
21 33 32
21 33 33
21 33 34
21 33 40
21 33 43
21 34 27
21 34 28
21 34 29
21 34 30
21 34 31
21 34 32
21 34 33
21 34 34
21 34 40
21 34 47
21 35 27
21 35 28
21 35 29
21 35 30
21 35 31
21 35 32
21 35 33
21 35 34
21 35 40
21 35 47
21 36 29
21 36 30
21 36 31
21 36 32
21 36 33
21 36 41
21 37 29
21 37 30
21 37 31
21 37 32
21 37 33
21 37 41
21 38 30
21 38 31
21 38 32
21 39 30
21 39 31
21 39 32
21 39 35
21 40 31
21 40 33
21 41 31
21 42 31
21 43 31
22 19 31
22 20 31
22 21 31
22 22 30
22 22 31
22 23 30
22 23 31
22 23 32
22 23 41
22 24 29
22 24 30
22 24 31
22 24 32
22 25 29
22 25 30
22 25 31
22 25 32
22 25 33
22 26 28
22 26 29
22 26 30
22 26 31
22 26 32
22 26 33
22 26 34
22 27 19
22 27 27
22 27 28
22 27 29
22 27 30
22 27 31
22 27 32
22 27 33
22 27 34
22 28 27
22 28 28
22 28 29
22 28 30
22 28 31
22 28 32
22 28 33
22 28 34
22 28 35
22 28 38
22 28 40
22 28 46
22 28 47
22 29 25
22 29 27
22 29 28
22 29 29
22 29 30
22 29 31
22 29 32
22 29 33
22 29 34
22 29 35
22 29 36
22 29 38
22 29 40
22 29 46
22 29 47
22 30 26
22 30 27
22 30 28
22 30 29
22 30 30
22 30 31
22 30 32
22 30 33
22 30 34
22 30 35
22 30 36
22 30 40
22 30 42
22 30 46
22 31 26
22 31 27
22 31 28
22 31 29
22 31 30
22 31 31
22 31 32
22 31 33
22 31 34
22 31 35
22 31 36
22 31 40
22 31 42
22 31 46
22 32 21
22 32 24
22 32 26
22 32 27
22 32 28
22 32 29
22 32 30
22 32 31
22 32 32
22 32 33
22 32 34
22 32 35
22 32 36
22 32 40
22 32 43
22 32 44
22 33 24
22 33 26
22 33 27
22 33 28
22 33 29
22 33 30
22 33 31
22 33 32
22 33 33
22 33 34
22 33 35
22 33 36
22 33 40
22 33 43
22 33 44
22 34 24
22 34 27
22 34 28
22 34 29
22 34 30
22 34 31
22 34 32
22 34 33
22 34 34
22 34 35
22 34 40
22 34 47
22 35 20
22 35 24
22 35 27
22 35 28
22 35 29
22 35 30
22 35 31
22 35 32
22 35 33
22 35 34
22 35 35
22 35 40
22 35 47
22 36 28
22 36 29
22 36 30
22 36 31
22 36 32
22 36 33
22 36 34
22 36 41
22 37 28
22 37 29
22 37 30
22 37 31
22 37 32
22 37 33
22 37 34
22 37 41
22 38 29
22 38 30
22 38 31
22 38 32
22 38 33
22 38 41
22 39 30
22 39 31
22 39 32
22 39 35
22 40 30
22 40 31
22 40 32
22 40 33
22 41 31
22 42 31
22 43 31
22 44 31
23 18 31
23 19 31
23 20 31
23 21 30
23 21 31
23 22 30
23 22 31
23 22 32
23 22 55
23 23 30
23 23 31
23 23 32
23 23 41
23 24 29
23 24 30
23 24 31
23 24 32
23 24 33
23 25 28
23 25 29
23 25 30
23 25 31
23 25 32
23 25 33
23 25 34
23 26 19
23 26 27
23 26 28
23 26 29
23 26 30
23 26 31
23 26 32
23 26 33
23 26 34
23 26 35
23 27 19
23 27 26
23 27 27
23 27 28
23 27 29
23 27 30
23 27 31
23 27 32
23 27 33
23 27 34
23 27 35
23 27 36
23 27 43
23 28 25
23 28 26
23 28 27
23 28 28
23 28 29
23 28 30
23 28 31
23 28 32
23 28 33
23 28 34
23 28 35
23 28 36
23 28 38
23 28 40
23 28 46
23 28 51
23 29 25
23 29 26
23 29 27
23 29 28
23 29 29
23 29 30
23 29 31
23 29 32
23 29 33
23 29 34
23 29 35
23 29 36
23 29 37
23 29 40
23 29 47
23 29 51
23 30 24
23 30 25
23 30 26
23 30 27
23 30 28
23 30 29
23 30 30
23 30 31
23 30 32
23 30 33
23 30 34
23 30 35
23 30 36
23 30 37
23 30 40
23 30 42
23 30 46
23 30 47
23 31 24
23 31 25
23 31 26
23 31 27
23 31 28
23 31 29
23 31 30
23 31 31
23 31 32
23 31 33
23 31 34
23 31 35
23 31 36
23 31 37
23 31 38
23 31 40
23 31 42
23 31 46
23 32 21
23 32 24
23 32 25
23 32 26
23 32 27
23 32 28
23 32 29
23 32 30
23 32 31
23 32 32
23 32 33
23 32 34
23 32 35
23 32 36
23 32 37
23 32 38
23 32 40
23 32 43
23 32 44
23 33 24
23 33 25
23 33 26
23 33 27
23 33 28
23 33 29
23 33 30
23 33 31
23 33 32
23 33 33
23 33 34
23 33 35
23 33 36
23 33 37
23 33 40
23 33 43
23 33 44
23 34 24
23 34 25
23 34 26
23 34 27
23 34 28
23 34 29
23 34 30
23 34 31
23 34 32
23 34 33
23 34 34
23 34 35
23 34 36
23 34 37
23 34 40
23 34 44
23 34 47
23 35 20
23 35 24
23 35 26
23 35 27
23 35 28
23 35 29
23 35 30
23 35 31
23 35 32
23 35 33
23 35 34
23 35 35
23 35 36
23 35 38
23 35 40
23 35 47
23 35 55
23 36 26
23 36 27
23 36 28
23 36 29
23 36 30
23 36 31
23 36 32
23 36 33
23 36 34
23 36 35
23 36 36
23 36 41
23 37 27
23 37 28
23 37 29
23 37 30
23 37 31
23 37 32
23 37 33
23 37 34
23 37 35
23 37 41
23 38 28
23 38 29
23 38 30
23 38 31
23 38 32
23 38 33
23 38 34
23 38 41
23 39 29
23 39 30
23 39 31
23 39 32
23 39 33
23 39 35
23 39 41
23 40 30
23 40 31
23 40 32
23 40 33
23 41 30
23 41 31
23 41 32
23 41 33
23 42 31
23 43 31
23 44 31
23 45 31
24 17 31
24 18 31
24 19 31
24 20 31
24 21 30
24 21 31
24 21 32
24 21 40
24 22 30
24 22 31
24 22 32
24 22 50
24 23 29
24 23 30
24 23 31
24 23 32
24 23 33
24 23 50
24 24 8
24 24 28
24 24 29
24 24 30
24 24 31
24 24 32
24 24 33
24 24 34
24 24 36
24 24 40
24 24 42
24 24 47
24 25 27
24 25 28
24 25 29
24 25 30
24 25 31
24 25 32
24 25 33
24 25 34
24 25 35
24 25 36
24 25 40
24 25 42
24 25 46
24 25 49
24 26 26
24 26 27
24 26 28
24 26 29
24 26 30
24 26 31
24 26 32
24 26 33
24 26 34
24 26 35
24 26 36
24 26 40
24 26 41
24 26 42
24 26 46
24 27 25
24 27 26
24 27 27
24 27 28
24 27 29
24 27 30
24 27 31
24 27 32
24 27 33
24 27 34
24 27 35
24 27 36
24 27 37
24 27 40
24 27 41
24 27 46
24 27 47
24 27 52
24 28 14
24 28 24
24 28 25
24 28 26
24 28 27
24 28 28
24 28 29
24 28 30
24 28 31
24 28 32
24 28 33
24 28 34
24 28 35
24 28 36
24 28 37
24 28 38
24 28 39
24 28 40
24 28 42
24 28 44
24 28 46
24 28 48
24 28 57
24 29 23
24 29 24
24 29 25
24 29 26
24 29 27
24 29 28
24 29 29
24 29 30
24 29 31
24 29 32
24 29 33
24 29 34
24 29 35
24 29 36
24 29 37
24 29 38
24 29 39
24 29 40
24 29 42
24 29 46
24 29 51
24 29 52
24 29 59
24 30 13
24 30 23
24 30 24
24 30 25
24 30 26
24 30 27
24 30 28
24 30 29
24 30 30
24 30 31
24 30 32
24 30 33
24 30 34
24 30 35
24 30 36
24 30 37
24 30 38
24 30 39
24 30 43
24 30 44
24 30 46
24 31 13
24 31 23
24 31 24
24 31 25
24 31 26
24 31 27
24 31 28
24 31 29
24 31 30
24 31 31
24 31 32
24 31 33
24 31 34
24 31 35
24 31 36
24 31 37
24 31 38
24 31 39
24 31 40
24 31 41
24 31 43
24 31 44
24 31 51
24 31 52
24 31 57
24 32 23
24 32 24
24 32 25
24 32 26
24 32 27
24 32 28
24 32 29
24 32 30
24 32 31
24 32 32
24 32 33
24 32 34
24 32 35
24 32 36
24 32 37
24 32 38
24 32 39
24 32 42
24 32 43
24 32 46
24 32 47
24 32 50
24 32 51
24 32 52
24 32 55
24 33 23
24 33 24
24 33 25
24 33 26
24 33 27
24 33 28
24 33 29
24 33 30
24 33 31
24 33 32
24 33 33
24 33 34
24 33 35
24 33 36
24 33 37
24 33 38
24 33 39
24 33 41
24 33 42
24 33 43
24 33 44
24 33 45
24 33 51
24 33 53
24 33 55
24 34 23
24 34 24
24 34 25
24 34 26
24 34 27
24 34 28
24 34 29
24 34 30
24 34 31
24 34 32
24 34 33
24 34 34
24 34 35
24 34 36
24 34 37
24 34 38
24 34 39
24 34 41
24 34 42
24 34 43
24 34 44
24 34 45
24 34 46
24 34 48
24 34 55
24 35 24
24 35 25
24 35 26
24 35 27
24 35 28
24 35 29
24 35 30
24 35 31
24 35 32
24 35 33
24 35 34
24 35 35
24 35 36
24 35 37
24 35 38
24 35 39
24 35 41
24 35 43
24 35 44
24 35 50
24 35 52
24 36 7
24 36 25
24 36 26
24 36 27
24 36 28
24 36 29
24 36 30
24 36 31
24 36 32
24 36 33
24 36 34
24 36 35
24 36 36
24 36 37
24 36 43
24 36 44
24 37 9
24 37 26
24 37 27
24 37 28
24 37 29
24 37 30
24 37 31
24 37 32
24 37 33
24 37 34
24 37 35
24 37 36
24 37 42
24 37 44
24 37 50
24 38 27
24 38 28
24 38 29
24 38 30
24 38 31
24 38 32
24 38 33
24 38 34
24 38 35
24 38 42
24 38 52
24 39 28
24 39 29
24 39 30
24 39 31
24 39 32
24 39 33
24 39 34
24 40 29
24 40 30
24 40 31
24 40 32
24 40 33
24 41 30
24 41 31
24 41 32
24 41 33
24 42 30
24 42 31
24 42 32
24 42 33
24 43 30
24 43 31
24 44 31
24 45 31
25 16 31
25 17 31
25 18 31
25 19 31
25 20 31
25 21 30
25 21 31
25 21 32
25 21 40
25 22 29
25 22 30
25 22 31
25 22 32
25 22 33
25 22 50
25 23 28
25 23 29
25 23 30
25 23 31
25 23 32
25 23 33
25 23 34
25 23 50
25 24 27
25 24 28
25 24 29
25 24 30
25 24 31
25 24 32
25 24 33
25 24 34
25 24 35
25 24 36
25 24 40
25 24 42
25 24 45
25 24 47
25 24 49
25 25 11
25 25 26
25 25 27
25 25 28
25 25 29
25 25 30
25 25 31
25 25 32
25 25 33
25 25 34
25 25 35
25 25 36
25 25 40
25 25 41
25 25 42
25 25 46
25 26 25
25 26 26
25 26 27
25 26 28
25 26 29
25 26 30
25 26 31
25 26 32
25 26 33
25 26 34
25 26 35
25 26 36
25 26 37
25 26 40
25 26 41
25 26 42
25 26 46
25 27 23
25 27 24
25 27 25
25 27 26
25 27 27
25 27 28
25 27 29
25 27 30
25 27 31
25 27 32
25 27 33
25 27 34
25 27 35
25 27 36
25 27 37
25 27 38
25 27 39
25 27 40
25 27 41
25 27 46
25 27 47
25 27 52
25 28 14
25 28 22
25 28 23
25 28 24
25 28 25
25 28 26
25 28 27
25 28 28
25 28 29
25 28 30
25 28 31
25 28 32
25 28 33
25 28 34
25 28 35
25 28 36
25 28 37
25 28 38
25 28 39
25 28 40
25 28 41
25 28 42
25 28 46
25 28 48
25 29 16
25 29 21
25 29 22
25 29 23
25 29 24
25 29 25
25 29 26
25 29 27
25 29 28
25 29 29
25 29 30
25 29 31
25 29 32
25 29 33
25 29 34
25 29 35
25 29 36
25 29 37
25 29 38
25 29 39
25 29 40
25 29 41
25 29 44
25 29 46
25 29 57
25 30 8
25 30 13
25 30 21
25 30 22
25 30 23
25 30 24
25 30 25
25 30 26
25 30 27
25 30 28
25 30 29
25 30 30
25 30 31
25 30 32
25 30 33
25 30 34
25 30 35
25 30 36
25 30 37
25 30 38
25 30 39
25 30 40
25 30 41
25 30 42
25 30 43
25 30 44
25 30 46
25 30 49
25 30 51
25 30 52
25 31 20
25 31 21
25 31 22
25 31 23
25 31 24
25 31 25
25 31 26
25 31 27
25 31 28
25 31 29
25 31 30
25 31 31
25 31 32
25 31 33
25 31 34
25 31 35
25 31 36
25 31 37
25 31 38
25 31 39
25 31 40
25 31 41
25 31 42
25 31 43
25 31 46
25 31 51
25 31 52
25 31 59
25 32 20
25 32 21
25 32 22
25 32 23
25 32 24
25 32 25
25 32 26
25 32 27
25 32 28
25 32 29
25 32 30
25 32 31
25 32 32
25 32 33
25 32 34
25 32 35
25 32 36
25 32 37
25 32 38
25 32 39
25 32 40
25 32 41
25 32 42
25 32 43
25 32 45
25 32 47
25 32 51
25 32 52
25 32 53
25 32 55
25 33 21
25 33 22
25 33 23
25 33 24
25 33 25
25 33 26
25 33 27
25 33 28
25 33 29
25 33 30
25 33 31
25 33 32
25 33 33
25 33 34
25 33 35
25 33 36
25 33 37
25 33 38
25 33 39
25 33 40
25 33 41
25 33 42
25 33 43
25 33 44
25 33 45
25 33 46
25 33 50
25 33 51
25 33 52
25 33 55
25 34 21
25 34 22
25 34 23
25 34 24
25 34 25
25 34 26
25 34 27
25 34 28
25 34 29
25 34 30
25 34 31
25 34 32
25 34 33
25 34 34
25 34 35
25 34 36
25 34 37
25 34 38
25 34 39
25 34 40
25 34 41
25 34 43
25 34 44
25 34 45
25 34 46
25 34 53
25 34 55
25 35 22
25 35 23
25 35 24
25 35 25
25 35 26
25 35 27
25 35 28
25 35 29
25 35 30
25 35 31
25 35 32
25 35 33
25 35 34
25 35 35
25 35 36
25 35 37
25 35 38
25 35 39
25 35 40
25 35 41
25 35 42
25 35 43
25 35 44
25 35 48
25 35 50
25 35 52
25 36 7
25 36 23
25 36 24
25 36 25
25 36 26
25 36 27
25 36 28
25 36 29
25 36 30
25 36 31
25 36 32
25 36 33
25 36 34
25 36 35
25 36 36
25 36 37
25 36 38
25 36 39
25 36 42
25 36 43
25 36 44
25 37 9
25 37 25
25 37 26
25 37 27
25 37 28
25 37 29
25 37 30
25 37 31
25 37 32
25 37 33
25 37 34
25 37 35
25 37 36
25 37 37
25 37 44
25 37 50
25 38 26
25 38 27
25 38 28
25 38 29
25 38 30
25 38 31
25 38 32
25 38 33
25 38 34
25 38 35
25 38 36
25 38 42
25 38 49
25 38 52
25 39 27
25 39 28
25 39 29
25 39 30
25 39 31
25 39 32
25 39 33
25 39 34
25 39 35
25 39 38
25 40 28
25 40 29
25 40 30
25 40 31
25 40 32
25 40 33
25 40 34
25 41 29
25 41 30
25 41 31
25 41 32
25 41 33
25 42 30
25 42 31
25 42 32
25 42 33
25 43 30
25 43 31
25 44 31
25 45 31
25 46 31
26 16 31
26 17 31
26 18 31
26 19 31
26 20 30
26 20 31
26 20 32
26 20 40
26 21 29
26 21 30
26 21 31
26 21 32
26 21 33
26 21 40
26 22 28
26 22 29
26 22 30
26 22 31
26 22 32
26 22 33
26 22 34
26 22 50
26 23 27
26 23 28
26 23 29
26 23 30
26 23 31
26 23 32
26 23 33
26 23 34
26 23 35
26 23 44
26 23 45
26 24 9
26 24 26
26 24 27
26 24 28
26 24 29
26 24 30
26 24 31
26 24 32
26 24 33
26 24 34
26 24 35
26 24 36
26 24 40
26 24 41
26 24 42
26 24 45
26 24 47
26 24 49
26 25 25
26 25 26
26 25 27
26 25 28
26 25 29
26 25 30
26 25 31
26 25 32
26 25 33
26 25 34
26 25 35
26 25 36
26 25 37
26 25 40
26 25 41
26 25 42
26 25 46
26 26 23
26 26 24
26 26 25
26 26 26
26 26 27
26 26 28
26 26 29
26 26 30
26 26 31
26 26 32
26 26 33
26 26 34
26 26 35
26 26 36
26 26 37
26 26 38
26 26 39
26 26 40
26 26 41
26 26 42
26 26 46
26 27 22
26 27 23
26 27 24
26 27 25
26 27 26
26 27 27
26 27 28
26 27 29
26 27 30
26 27 31
26 27 32
26 27 33
26 27 34
26 27 35
26 27 36
26 27 37
26 27 38
26 27 39
26 27 40
26 27 41
26 27 47
26 27 52
26 27 55
26 28 14
26 28 20
26 28 21
26 28 22
26 28 23
26 28 24
26 28 25
26 28 26
26 28 27
26 28 28
26 28 29
26 28 30
26 28 31
26 28 32
26 28 33
26 28 34
26 28 35
26 28 36
26 28 37
26 28 38
26 28 39
26 28 40
26 28 41
26 28 42
26 28 46
26 28 48
26 29 16
26 29 19
26 29 20
26 29 21
26 29 22
26 29 23
26 29 24
26 29 25
26 29 26
26 29 27
26 29 28
26 29 29
26 29 30
26 29 31
26 29 32
26 29 33
26 29 34
26 29 35
26 29 36
26 29 37
26 29 38
26 29 39
26 29 40
26 29 41
26 29 42
26 29 43
26 29 44
26 29 46
26 30 13
26 30 18
26 30 19
26 30 20
26 30 21
26 30 22
26 30 23
26 30 24
26 30 25
26 30 26
26 30 27
26 30 28
26 30 29
26 30 30
26 30 31
26 30 32
26 30 33
26 30 34
26 30 35
26 30 36
26 30 37
26 30 38
26 30 39
26 30 40
26 30 41
26 30 42
26 30 43
26 30 44
26 30 51
26 30 52
26 30 54
26 31 16
26 31 18
26 31 19
26 31 20
26 31 21
26 31 22
26 31 23
26 31 24
26 31 25
26 31 26
26 31 27
26 31 28
26 31 29
26 31 30
26 31 31
26 31 32
26 31 33
26 31 34
26 31 35
26 31 36
26 31 37
26 31 38
26 31 39
26 31 40
26 31 41
26 31 42
26 31 43
26 31 44
26 31 46
26 31 51
26 31 52
26 31 59
26 32 18
26 32 19
26 32 20
26 32 21
26 32 22
26 32 23
26 32 24
26 32 25
26 32 26
26 32 27
26 32 28
26 32 29
26 32 30
26 32 31
26 32 32
26 32 33
26 32 34
26 32 35
26 32 36
26 32 37
26 32 38
26 32 39
26 32 40
26 32 41
26 32 42
26 32 43
26 32 44
26 32 47
26 32 52
26 32 54
26 32 55
26 33 18
26 33 19
26 33 20
26 33 21
26 33 22
26 33 23
26 33 24
26 33 25
26 33 26
26 33 27
26 33 28
26 33 29
26 33 30
26 33 31
26 33 32
26 33 33
26 33 34
26 33 35
26 33 36
26 33 37
26 33 38
26 33 39
26 33 40
26 33 41
26 33 42
26 33 43
26 33 44
26 33 45
26 33 46
26 33 50
26 33 51
26 33 52
26 33 53
26 34 19
26 34 20
26 34 21
26 34 22
26 34 23
26 34 24
26 34 25
26 34 26
26 34 27
26 34 28
26 34 29
26 34 30
26 34 31
26 34 32
26 34 33
26 34 34
26 34 35
26 34 36
26 34 37
26 34 38
26 34 39
26 34 40
26 34 41
26 34 42
26 34 43
26 34 44
26 34 45
26 34 46
26 34 55
26 35 20
26 35 21
26 35 22
26 35 23
26 35 24
26 35 25
26 35 26
26 35 27
26 35 28
26 35 29
26 35 30
26 35 31
26 35 32
26 35 33
26 35 34
26 35 35
26 35 36
26 35 37
26 35 38
26 35 39
26 35 40
26 35 41
26 35 42
26 35 43
26 35 44
26 35 48
26 35 50
26 35 52
26 36 7
26 36 22
26 36 23
26 36 24
26 36 25
26 36 26
26 36 27
26 36 28
26 36 29
26 36 30
26 36 31
26 36 32
26 36 33
26 36 34
26 36 35
26 36 36
26 36 37
26 36 38
26 36 39
26 36 40
26 36 43
26 36 44
26 37 9
26 37 20
26 37 23
26 37 24
26 37 25
26 37 26
26 37 27
26 37 28
26 37 29
26 37 30
26 37 31
26 37 32
26 37 33
26 37 34
26 37 35
26 37 36
26 37 37
26 37 38
26 37 39
26 37 42
26 37 44
26 37 50
26 38 8
26 38 25
26 38 26
26 38 27
26 38 28
26 38 29
26 38 30
26 38 31
26 38 32
26 38 33
26 38 34
26 38 35
26 38 36
26 38 37
26 38 42
26 38 49
26 38 52
26 39 9
26 39 26
26 39 27
26 39 28
26 39 29
26 39 30
26 39 31
26 39 32
26 39 33
26 39 34
26 39 35
26 39 36
26 39 38
26 39 49
26 40 27
26 40 28
26 40 29
26 40 30
26 40 31
26 40 32
26 40 33
26 40 34
26 40 35
26 41 28
26 41 29
26 41 30
26 41 31
26 41 32
26 41 33
26 41 34
26 42 29
26 42 30
26 42 31
26 42 32
26 42 33
26 43 30
26 43 31
26 43 32
26 44 31
26 45 31
26 46 31
27 16 31
27 17 31
27 18 31
27 19 31
27 20 30
27 20 31
27 20 32
27 20 40
27 20 42
27 21 29
27 21 30
27 21 31
27 21 32
27 21 33
27 21 40
27 22 28
27 22 29
27 22 30
27 22 31
27 22 32
27 22 33
27 22 34
27 22 47
27 22 50
27 23 26
27 23 27
27 23 28
27 23 29
27 23 30
27 23 31
27 23 32
27 23 33
27 23 34
27 23 35
27 23 36
27 23 44
27 24 25
27 24 26
27 24 27
27 24 28
27 24 29
27 24 30
27 24 31
27 24 32
27 24 33
27 24 34
27 24 35
27 24 36
27 24 37
27 24 40
27 24 41
27 24 42
27 24 45
27 24 47
27 24 49
27 25 23
27 25 24
27 25 25
27 25 26
27 25 27
27 25 28
27 25 29
27 25 30
27 25 31
27 25 32
27 25 33
27 25 34
27 25 35
27 25 36
27 25 37
27 25 38
27 25 39
27 25 40
27 25 41
27 25 42
27 25 46
27 26 22
27 26 23
27 26 24
27 26 25
27 26 26
27 26 27
27 26 28
27 26 29
27 26 30
27 26 31
27 26 32
27 26 33
27 26 34
27 26 35
27 26 36
27 26 37
27 26 38
27 26 39
27 26 40
27 26 41
27 26 42
27 26 44
27 26 46
27 26 52
27 27 20
27 27 21
27 27 22
27 27 23
27 27 24
27 27 25
27 27 26
27 27 27
27 27 28
27 27 29
27 27 30
27 27 31
27 27 32
27 27 33
27 27 34
27 27 35
27 27 36
27 27 37
27 27 38
27 27 39
27 27 40
27 27 41
27 27 42
27 27 44
27 27 47
27 27 49
27 27 50
27 27 55
27 28 14
27 28 18
27 28 19
27 28 20
27 28 21
27 28 22
27 28 23
27 28 24
27 28 25
27 28 26
27 28 27
27 28 28
27 28 29
27 28 30
27 28 31
27 28 32
27 28 33
27 28 34
27 28 35
27 28 36
27 28 37
27 28 38
27 28 39
27 28 40
27 28 41
27 28 42
27 28 43
27 28 44
27 28 46
27 28 48
27 29 17
27 29 18
27 29 19
27 29 20
27 29 21
27 29 22
27 29 23
27 29 24
27 29 25
27 29 26
27 29 27
27 29 28
27 29 29
27 29 30
27 29 31
27 29 32
27 29 33
27 29 34
27 29 35
27 29 36
27 29 37
27 29 38
27 29 39
27 29 40
27 29 41
27 29 42
27 29 43
27 29 44
27 29 45
27 29 46
27 29 51
27 29 52
27 30 13
27 30 16
27 30 17
27 30 18
27 30 19
27 30 20
27 30 21
27 30 22
27 30 23
27 30 24
27 30 25
27 30 26
27 30 27
27 30 28
27 30 29
27 30 30
27 30 31
27 30 32
27 30 33
27 30 34
27 30 35
27 30 36
27 30 37
27 30 38
27 30 39
27 30 40
27 30 41
27 30 42
27 30 43
27 30 44
27 30 45
27 30 46
27 30 49
27 30 51
27 30 52
27 30 54
27 31 15
27 31 16
27 31 17
27 31 18
27 31 19
27 31 20
27 31 21
27 31 22
27 31 23
27 31 24
27 31 25
27 31 26
27 31 27
27 31 28
27 31 29
27 31 30
27 31 31
27 31 32
27 31 33
27 31 34
27 31 35
27 31 36
27 31 37
27 31 38
27 31 39
27 31 40
27 31 41
27 31 42
27 31 43
27 31 44
27 31 45
27 31 46
27 31 47
27 31 57
27 32 7
27 32 15
27 32 16
27 32 17
27 32 18
27 32 19
27 32 20
27 32 21
27 32 22
27 32 23
27 32 24
27 32 25
27 32 26
27 32 27
27 32 28
27 32 29
27 32 30
27 32 31
27 32 32
27 32 33
27 32 34
27 32 35
27 32 36
27 32 37
27 32 38
27 32 39
27 32 40
27 32 41
27 32 42
27 32 43
27 32 44
27 32 45
27 32 46
27 32 47
27 32 52
27 32 54
27 32 55
27 33 16
27 33 17
27 33 18
27 33 19
27 33 20
27 33 21
27 33 22
27 33 23
27 33 24
27 33 25
27 33 26
27 33 27
27 33 28
27 33 29
27 33 30
27 33 31
27 33 32
27 33 33
27 33 34
27 33 35
27 33 36
27 33 37
27 33 38
27 33 39
27 33 40
27 33 41
27 33 42
27 33 43
27 33 44
27 33 45
27 33 46
27 33 50
27 33 51
27 33 52
27 33 53
27 34 17
27 34 18
27 34 19
27 34 20
27 34 21
27 34 22
27 34 23
27 34 24
27 34 25
27 34 26
27 34 27
27 34 28
27 34 29
27 34 30
27 34 31
27 34 32
27 34 33
27 34 34
27 34 35
27 34 36
27 34 37
27 34 38
27 34 39
27 34 40
27 34 41
27 34 42
27 34 43
27 34 44
27 34 45
27 34 46
27 34 50
27 35 18
27 35 19
27 35 20
27 35 21
27 35 22
27 35 23
27 35 24
27 35 25
27 35 26
27 35 27
27 35 28
27 35 29
27 35 30
27 35 31
27 35 32
27 35 33
27 35 34
27 35 35
27 35 36
27 35 37
27 35 38
27 35 39
27 35 40
27 35 41
27 35 42
27 35 43
27 35 44
27 35 48
27 35 50
27 35 52
27 35 54
27 36 5
27 36 20
27 36 21
27 36 22
27 36 23
27 36 24
27 36 25
27 36 26
27 36 27
27 36 28
27 36 29
27 36 30
27 36 31
27 36 32
27 36 33
27 36 34
27 36 35
27 36 36
27 36 37
27 36 38
27 36 39
27 36 40
27 36 41
27 36 42
27 36 43
27 36 44
27 37 20
27 37 22
27 37 23
27 37 24
27 37 25
27 37 26
27 37 27
27 37 28
27 37 29
27 37 30
27 37 31
27 37 32
27 37 33
27 37 34
27 37 35
27 37 36
27 37 37
27 37 38
27 37 39
27 37 40
27 37 42
27 37 44
27 37 50
27 38 8
27 38 20
27 38 23
27 38 24
27 38 25
27 38 26
27 38 27
27 38 28
27 38 29
27 38 30
27 38 31
27 38 32
27 38 33
27 38 34
27 38 35
27 38 36
27 38 37
27 38 38
27 38 39
27 38 40
27 38 42
27 38 49
27 38 52
27 39 9
27 39 25
27 39 26
27 39 27
27 39 28
27 39 29
27 39 30
27 39 31
27 39 32
27 39 33
27 39 34
27 39 35
27 39 36
27 39 37
27 39 38
27 39 49
27 40 26
27 40 27
27 40 28
27 40 29
27 40 30
27 40 31
27 40 32
27 40 33
27 40 34
27 40 35
27 40 36
27 41 28
27 41 29
27 41 30
27 41 31
27 41 32
27 41 33
27 41 34
27 42 29
27 42 30
27 42 31
27 42 32
27 42 33
27 43 30
27 43 31
27 43 32
27 44 31
27 45 31
27 46 31
28 16 31
28 17 31
28 18 31
28 19 30
28 19 31
28 19 32
28 20 30
28 20 31
28 20 32
28 20 40
28 21 28
28 21 29
28 21 30
28 21 31
28 21 32
28 21 33
28 21 34
28 21 40
28 22 27
28 22 28
28 22 29
28 22 30
28 22 31
28 22 32
28 22 33
28 22 34
28 22 35
28 22 41
28 22 50
28 23 26
28 23 27
28 23 28
28 23 29
28 23 30
28 23 31
28 23 32
28 23 33
28 23 34
28 23 35
28 23 36
28 23 44
28 23 45
28 24 24
28 24 25
28 24 26
28 24 27
28 24 28
28 24 29
28 24 30
28 24 31
28 24 32
28 24 33
28 24 34
28 24 35
28 24 36
28 24 37
28 24 38
28 24 40
28 24 41
28 24 42
28 24 45
28 24 47
28 24 49
28 25 22
28 25 23
28 25 24
28 25 25
28 25 26
28 25 27
28 25 28
28 25 29
28 25 30
28 25 31
28 25 32
28 25 33
28 25 34
28 25 35
28 25 36
28 25 37
28 25 38
28 25 39
28 25 40
28 25 41
28 25 42
28 25 46
28 26 20
28 26 21
28 26 22
28 26 23
28 26 24
28 26 25
28 26 26
28 26 27
28 26 28
28 26 29
28 26 30
28 26 31
28 26 32
28 26 33
28 26 34
28 26 35
28 26 36
28 26 37
28 26 38
28 26 39
28 26 40
28 26 41
28 26 42
28 26 44
28 26 46
28 26 50
28 26 52
28 27 18
28 27 19
28 27 20
28 27 21
28 27 22
28 27 23
28 27 24
28 27 25
28 27 26
28 27 27
28 27 28
28 27 29
28 27 30
28 27 31
28 27 32
28 27 33
28 27 34
28 27 35
28 27 36
28 27 37
28 27 38
28 27 39
28 27 40
28 27 41
28 27 42
28 27 43
28 27 44
28 27 47
28 27 49
28 27 50
28 27 55
28 28 14
28 28 16
28 28 17
28 28 18
28 28 19
28 28 20
28 28 21
28 28 22
28 28 23
28 28 24
28 28 25
28 28 26
28 28 27
28 28 28
28 28 29
28 28 30
28 28 31
28 28 32
28 28 33
28 28 34
28 28 35
28 28 36
28 28 37
28 28 38
28 28 39
28 28 40
28 28 41
28 28 42
28 28 43
28 28 44
28 28 45
28 28 46
28 28 48
28 29 13
28 29 14
28 29 15
28 29 16
28 29 17
28 29 18
28 29 19
28 29 20
28 29 21
28 29 22
28 29 23
28 29 24
28 29 25
28 29 26
28 29 27
28 29 28
28 29 29
28 29 30
28 29 31
28 29 32
28 29 33
28 29 34
28 29 35
28 29 36
28 29 37
28 29 38
28 29 39
28 29 40
28 29 41
28 29 42
28 29 43
28 29 44
28 29 45
28 29 46
28 29 47
28 29 48
28 29 51
28 29 52
28 30 13
28 30 14
28 30 15
28 30 16
28 30 17
28 30 18
28 30 19
28 30 20
28 30 21
28 30 22
28 30 23
28 30 24
28 30 25
28 30 26
28 30 27
28 30 28
28 30 29
28 30 30
28 30 31
28 30 32
28 30 33
28 30 34
28 30 35
28 30 36
28 30 37
28 30 38
28 30 39
28 30 40
28 30 41
28 30 42
28 30 43
28 30 44
28 30 45
28 30 46
28 30 47
28 30 48
28 30 49
28 31 12
28 31 13
28 31 14
28 31 15
28 31 16
28 31 17
28 31 18
28 31 19
28 31 20
28 31 21
28 31 22
28 31 23
28 31 24
28 31 25
28 31 26
28 31 27
28 31 28
28 31 29
28 31 30
28 31 31
28 31 32
28 31 33
28 31 34
28 31 35
28 31 36
28 31 37
28 31 38
28 31 39
28 31 40
28 31 41
28 31 42
28 31 43
28 31 44
28 31 45
28 31 46
28 31 47
28 31 48
28 31 49
28 31 50
28 31 51
28 31 52
28 31 54
28 31 60
28 32 12
28 32 13
28 32 14
28 32 15
28 32 16
28 32 17
28 32 18
28 32 19
28 32 20
28 32 21
28 32 22
28 32 23
28 32 24
28 32 25
28 32 26
28 32 27
28 32 28
28 32 29
28 32 30
28 32 31
28 32 32
28 32 33
28 32 34
28 32 35
28 32 36
28 32 37
28 32 38
28 32 39
28 32 40
28 32 41
28 32 42
28 32 43
28 32 44
28 32 45
28 32 46
28 32 47
28 32 48
28 32 49
28 32 50
28 32 52
28 32 53
28 33 13
28 33 14
28 33 15
28 33 16
28 33 17
28 33 18
28 33 19
28 33 20
28 33 21
28 33 22
28 33 23
28 33 24
28 33 25
28 33 26
28 33 27
28 33 28
28 33 29
28 33 30
28 33 31
28 33 32
28 33 33
28 33 34
28 33 35
28 33 36
28 33 37
28 33 38
28 33 39
28 33 40
28 33 41
28 33 42
28 33 43
28 33 44
28 33 45
28 33 46
28 33 47
28 33 48
28 33 49
28 33 51
28 33 54
28 34 14
28 34 15
28 34 16
28 34 17
28 34 18
28 34 19
28 34 20
28 34 21
28 34 22
28 34 23
28 34 24
28 34 25
28 34 26
28 34 27
28 34 28
28 34 29
28 34 30
28 34 31
28 34 32
28 34 33
28 34 34
28 34 35
28 34 36
28 34 37
28 34 38
28 34 39
28 34 40
28 34 41
28 34 42
28 34 43
28 34 44
28 34 45
28 34 46
28 34 47
28 34 48
28 34 50
28 34 52
28 34 53
28 35 16
28 35 17
28 35 18
28 35 19
28 35 20
28 35 21
28 35 22
28 35 23
28 35 24
28 35 25
28 35 26
28 35 27
28 35 28
28 35 29
28 35 30
28 35 31
28 35 32
28 35 33
28 35 34
28 35 35
28 35 36
28 35 37
28 35 38
28 35 39
28 35 40
28 35 41
28 35 42
28 35 43
28 35 44
28 35 45
28 35 46
28 35 50
28 35 52
28 35 54
28 36 15
28 36 18
28 36 19
28 36 20
28 36 21
28 36 22
28 36 23
28 36 24
28 36 25
28 36 26
28 36 27
28 36 28
28 36 29
28 36 30
28 36 31
28 36 32
28 36 33
28 36 34
28 36 35
28 36 36
28 36 37
28 36 38
28 36 39
28 36 40
28 36 41
28 36 42
28 36 43
28 36 44
28 36 47
28 36 50
28 37 7
28 37 20
28 37 21
28 37 22
28 37 23
28 37 24
28 37 25
28 37 26
28 37 27
28 37 28
28 37 29
28 37 30
28 37 31
28 37 32
28 37 33
28 37 34
28 37 35
28 37 36
28 37 37
28 37 38
28 37 39
28 37 40
28 37 41
28 37 42
28 37 44
28 37 50
28 38 8
28 38 20
28 38 22
28 38 23
28 38 24
28 38 25
28 38 26
28 38 27
28 38 28
28 38 29
28 38 30
28 38 31
28 38 32
28 38 33
28 38 34
28 38 35
28 38 36
28 38 37
28 38 38
28 38 39
28 38 40
28 38 42
28 38 49
28 38 52
28 39 9
28 39 24
28 39 25
28 39 26
28 39 27
28 39 28
28 39 29
28 39 30
28 39 31
28 39 32
28 39 33
28 39 34
28 39 35
28 39 36
28 39 37
28 39 38
28 39 49
28 40 26
28 40 27
28 40 28
28 40 29
28 40 30
28 40 31
28 40 32
28 40 33
28 40 34
28 40 35
28 40 36
28 41 27
28 41 28
28 41 29
28 41 30
28 41 31
28 41 32
28 41 33
28 41 34
28 41 35
28 42 28
28 42 29
28 42 30
28 42 31
28 42 32
28 42 33
28 42 34
28 43 30
28 43 31
28 43 32
28 43 33
28 44 30
28 44 31
28 44 32
28 45 31
28 46 31
28 47 31
29 16 31
29 17 31
29 18 31
29 19 30
29 19 31
29 19 32
29 20 29
29 20 30
29 20 31
29 20 32
29 20 33
29 20 40
29 20 47
29 21 28
29 21 29
29 21 30
29 21 31
29 21 32
29 21 33
29 21 34
29 21 40
29 22 27
29 22 28
29 22 29
29 22 30
29 22 31
29 22 32
29 22 33
29 22 34
29 22 35
29 22 50
29 23 25
29 23 26
29 23 27
29 23 28
29 23 29
29 23 30
29 23 31
29 23 32
29 23 33
29 23 34
29 23 35
29 23 36
29 23 37
29 23 44
29 24 23
29 24 24
29 24 25
29 24 26
29 24 27
29 24 28
29 24 29
29 24 30
29 24 31
29 24 32
29 24 33
29 24 34
29 24 35
29 24 36
29 24 37
29 24 38
29 24 39
29 24 40
29 24 42
29 24 45
29 24 49
29 25 21
29 25 22
29 25 23
29 25 24
29 25 25
29 25 26
29 25 27
29 25 28
29 25 29
29 25 30
29 25 31
29 25 32
29 25 33
29 25 34
29 25 35
29 25 36
29 25 37
29 25 38
29 25 39
29 25 40
29 25 41
29 25 42
29 25 53
29 26 19
29 26 20
29 26 21
29 26 22
29 26 23
29 26 24
29 26 25
29 26 26
29 26 27
29 26 28
29 26 29
29 26 30
29 26 31
29 26 32
29 26 33
29 26 34
29 26 35
29 26 36
29 26 37
29 26 38
29 26 39
29 26 40
29 26 41
29 26 42
29 26 43
29 26 46
29 26 47
29 26 50
29 26 52
29 27 17
29 27 18
29 27 19
29 27 20
29 27 21
29 27 22
29 27 23
29 27 24
29 27 25
29 27 26
29 27 27
29 27 28
29 27 29
29 27 30
29 27 31
29 27 32
29 27 33
29 27 34
29 27 35
29 27 36
29 27 37
29 27 38
29 27 39
29 27 40
29 27 41
29 27 42
29 27 43
29 27 44
29 27 45
29 27 47
29 27 49
29 27 50
29 27 55
29 28 14
29 28 15
29 28 16
29 28 17
29 28 18
29 28 19
29 28 20
29 28 21
29 28 22
29 28 23
29 28 24
29 28 25
29 28 26
29 28 27
29 28 28
29 28 29
29 28 30
29 28 31
29 28 32
29 28 33
29 28 34
29 28 35
29 28 36
29 28 37
29 28 38
29 28 39
29 28 40
29 28 41
29 28 42
29 28 43
29 28 44
29 28 45
29 28 46
29 28 47
29 28 48
29 29 12
29 29 13
29 29 14
29 29 15
29 29 16
29 29 17
29 29 18
29 29 19
29 29 20
29 29 21
29 29 22
29 29 23
29 29 24
29 29 25
29 29 26
29 29 27
29 29 28
29 29 29
29 29 30
29 29 31
29 29 32
29 29 33
29 29 34
29 29 35
29 29 36
29 29 37
29 29 38
29 29 39
29 29 40
29 29 41
29 29 42
29 29 43
29 29 44
29 29 45
29 29 46
29 29 47
29 29 48
29 29 49
29 29 50
29 30 10
29 30 11
29 30 12
29 30 13
29 30 14
29 30 15
29 30 16
29 30 17
29 30 18
29 30 19
29 30 20
29 30 21
29 30 22
29 30 23
29 30 24
29 30 25
29 30 26
29 30 27
29 30 28
29 30 29
29 30 30
29 30 31
29 30 32
29 30 33
29 30 34
29 30 35
29 30 36
29 30 37
29 30 38
29 30 39
29 30 40
29 30 41
29 30 42
29 30 43
29 30 44
29 30 45
29 30 46
29 30 47
29 30 48
29 30 49
29 30 50
29 30 51
29 30 52
29 30 55
29 31 9
29 31 10
29 31 11
29 31 12
29 31 13
29 31 14
29 31 15
29 31 16
29 31 17
29 31 18
29 31 19
29 31 20
29 31 21
29 31 22
29 31 23
29 31 24
29 31 25
29 31 26
29 31 27
29 31 28
29 31 29
29 31 30
29 31 31
29 31 32
29 31 33
29 31 34
29 31 35
29 31 36
29 31 37
29 31 38
29 31 39
29 31 40
29 31 41
29 31 42
29 31 43
29 31 44
29 31 45
29 31 46
29 31 47
29 31 48
29 31 49
29 31 50
29 31 51
29 31 52
29 31 53
29 31 54
29 32 9
29 32 10
29 32 11
29 32 12
29 32 13
29 32 14
29 32 15
29 32 16
29 32 17
29 32 18
29 32 19
29 32 20
29 32 21
29 32 22
29 32 23
29 32 24
29 32 25
29 32 26
29 32 27
29 32 28
29 32 29
29 32 30
29 32 31
29 32 32
29 32 33
29 32 34
29 32 35
29 32 36
29 32 37
29 32 38
29 32 39
29 32 40
29 32 41
29 32 42
29 32 43
29 32 44
29 32 45
29 32 46
29 32 47
29 32 48
29 32 49
29 32 50
29 32 51
29 32 52
29 32 53
29 32 55
29 33 7
29 33 10
29 33 11
29 33 12
29 33 13
29 33 14
29 33 15
29 33 16
29 33 17
29 33 18
29 33 19
29 33 20
29 33 21
29 33 22
29 33 23
29 33 24
29 33 25
29 33 26
29 33 27
29 33 28
29 33 29
29 33 30
29 33 31
29 33 32
29 33 33
29 33 34
29 33 35
29 33 36
29 33 37
29 33 38
29 33 39
29 33 40
29 33 41
29 33 42
29 33 43
29 33 44
29 33 45
29 33 46
29 33 47
29 33 48
29 33 49
29 33 50
29 33 51
29 33 52
29 33 54
29 34 12
29 34 13
29 34 14
29 34 15
29 34 16
29 34 17
29 34 18
29 34 19
29 34 20
29 34 21
29 34 22
29 34 23
29 34 24
29 34 25
29 34 26
29 34 27
29 34 28
29 34 29
29 34 30
29 34 31
29 34 32
29 34 33
29 34 34
29 34 35
29 34 36
29 34 37
29 34 38
29 34 39
29 34 40
29 34 41
29 34 42
29 34 43
29 34 44
29 34 45
29 34 46
29 34 47
29 34 48
29 34 49
29 34 50
29 34 51
29 34 52
29 35 14
29 35 15
29 35 16
29 35 17
29 35 18
29 35 19
29 35 20
29 35 21
29 35 22
29 35 23
29 35 24
29 35 25
29 35 26
29 35 27
29 35 28
29 35 29
29 35 30
29 35 31
29 35 32
29 35 33
29 35 34
29 35 35
29 35 36
29 35 37
29 35 38
29 35 39
29 35 40
29 35 41
29 35 42
29 35 43
29 35 44
29 35 45
29 35 46
29 35 47
29 35 48
29 35 50
29 35 52
29 35 54
29 36 9
29 36 17
29 36 18
29 36 19
29 36 20
29 36 21
29 36 22
29 36 23
29 36 24
29 36 25
29 36 26
29 36 27
29 36 28
29 36 29
29 36 30
29 36 31
29 36 32
29 36 33
29 36 34
29 36 35
29 36 36
29 36 37
29 36 38
29 36 39
29 36 40
29 36 41
29 36 42
29 36 43
29 36 44
29 36 45
29 36 50
29 37 19
29 37 20
29 37 21
29 37 22
29 37 23
29 37 24
29 37 25
29 37 26
29 37 27
29 37 28
29 37 29
29 37 30
29 37 31
29 37 32
29 37 33
29 37 34
29 37 35
29 37 36
29 37 37
29 37 38
29 37 39
29 37 40
29 37 41
29 37 42
29 37 43
29 37 44
29 37 50
29 38 8
29 38 20
29 38 21
29 38 22
29 38 23
29 38 24
29 38 25
29 38 26
29 38 27
29 38 28
29 38 29
29 38 30
29 38 31
29 38 32
29 38 33
29 38 34
29 38 35
29 38 36
29 38 37
29 38 38
29 38 39
29 38 40
29 38 41
29 38 44
29 38 49
29 38 52
29 39 9
29 39 20
29 39 23
29 39 24
29 39 25
29 39 26
29 39 27
29 39 28
29 39 29
29 39 30
29 39 31
29 39 32
29 39 33
29 39 34
29 39 35
29 39 36
29 39 37
29 39 38
29 39 39
29 39 49
29 40 25
29 40 26
29 40 27
29 40 28
29 40 29
29 40 30
29 40 31
29 40 32
29 40 33
29 40 34
29 40 35
29 40 36
29 40 37
29 41 27
29 41 28
29 41 29
29 41 30
29 41 31
29 41 32
29 41 33
29 41 34
29 41 35
29 42 28
29 42 29
29 42 30
29 42 31
29 42 32
29 42 33
29 42 34
29 43 29
29 43 30
29 43 31
29 43 32
29 43 33
29 44 30
29 44 31
29 44 32
29 45 31
29 46 31
29 47 31
30 16 31
30 17 31
30 18 31
30 19 30
30 19 31
30 19 32
30 20 29
30 20 30
30 20 31
30 20 32
30 20 33
30 20 40
30 21 28
30 21 29
30 21 30
30 21 31
30 21 32
30 21 33
30 21 34
30 21 40
30 22 26
30 22 27
30 22 28
30 22 29
30 22 30
30 22 31
30 22 32
30 22 33
30 22 34
30 22 35
30 22 36
30 22 41
30 22 50
30 23 25
30 23 26
30 23 27
30 23 28
30 23 29
30 23 30
30 23 31
30 23 32
30 23 33
30 23 34
30 23 35
30 23 36
30 23 37
30 23 44
30 24 23
30 24 24
30 24 25
30 24 26
30 24 27
30 24 28
30 24 29
30 24 30
30 24 31
30 24 32
30 24 33
30 24 34
30 24 35
30 24 36
30 24 37
30 24 38
30 24 39
30 24 40
30 24 42
30 24 45
30 24 49
30 25 21
30 25 22
30 25 23
30 25 24
30 25 25
30 25 26
30 25 27
30 25 28
30 25 29
30 25 30
30 25 31
30 25 32
30 25 33
30 25 34
30 25 35
30 25 36
30 25 37
30 25 38
30 25 39
30 25 40
30 25 41
30 25 42
30 25 46
30 26 18
30 26 19
30 26 20
30 26 21
30 26 22
30 26 23
30 26 24
30 26 25
30 26 26
30 26 27
30 26 28
30 26 29
30 26 30
30 26 31
30 26 32
30 26 33
30 26 34
30 26 35
30 26 36
30 26 37
30 26 38
30 26 39
30 26 40
30 26 41
30 26 42
30 26 43
30 26 44
30 26 46
30 26 47
30 26 50
30 26 52
30 27 16
30 27 17
30 27 18
30 27 19
30 27 20
30 27 21
30 27 22
30 27 23
30 27 24
30 27 25
30 27 26
30 27 27
30 27 28
30 27 29
30 27 30
30 27 31
30 27 32
30 27 33
30 27 34
30 27 35
30 27 36
30 27 37
30 27 38
30 27 39
30 27 40
30 27 41
30 27 42
30 27 43
30 27 44
30 27 45
30 27 46
30 27 47
30 27 49
30 27 50
30 27 53
30 28 13
30 28 14
30 28 15
30 28 16
30 28 17
30 28 18
30 28 19
30 28 20
30 28 21
30 28 22
30 28 23
30 28 24
30 28 25
30 28 26
30 28 27
30 28 28
30 28 29
30 28 30
30 28 31
30 28 32
30 28 33
30 28 34
30 28 35
30 28 36
30 28 37
30 28 38
30 28 39
30 28 40
30 28 41
30 28 42
30 28 43
30 28 44
30 28 45
30 28 46
30 28 47
30 28 48
30 28 49
30 29 10
30 29 11
30 29 12
30 29 13
30 29 14
30 29 15
30 29 16
30 29 17
30 29 18
30 29 19
30 29 20
30 29 21
30 29 22
30 29 23
30 29 24
30 29 25
30 29 26
30 29 27
30 29 28
30 29 29
30 29 30
30 29 31
30 29 32
30 29 33
30 29 34
30 29 35
30 29 36
30 29 37
30 29 38
30 29 39
30 29 40
30 29 41
30 29 42
30 29 43
30 29 44
30 29 45
30 29 46
30 29 47
30 29 48
30 29 49
30 29 50
30 29 51
30 29 52
30 30 7
30 30 8
30 30 9
30 30 10
30 30 11
30 30 12
30 30 13
30 30 14
30 30 15
30 30 16
30 30 17
30 30 18
30 30 19
30 30 20
30 30 21
30 30 22
30 30 23
30 30 24
30 30 25
30 30 26
30 30 27
30 30 28
30 30 29
30 30 30
30 30 31
30 30 32
30 30 33
30 30 34
30 30 35
30 30 36
30 30 37
30 30 38
30 30 39
30 30 40
30 30 41
30 30 42
30 30 43
30 30 44
30 30 45
30 30 46
30 30 47
30 30 48
30 30 49
30 30 50
30 30 51
30 30 52
30 30 53
30 30 54
30 30 55
30 31 6
30 31 7
30 31 8
30 31 9
30 31 10
30 31 11
30 31 12
30 31 13
30 31 14
30 31 15
30 31 16
30 31 17
30 31 18
30 31 19
30 31 20
30 31 21
30 31 22
30 31 23
30 31 24
30 31 25
30 31 26
30 31 27
30 31 28
30 31 29
30 31 30
30 31 31
30 31 32
30 31 33
30 31 34
30 31 35
30 31 36
30 31 37
30 31 38
30 31 39
30 31 40
30 31 41
30 31 42
30 31 43
30 31 44
30 31 45
30 31 46
30 31 47
30 31 48
30 31 49
30 31 50
30 31 51
30 31 52
30 31 53
30 31 54
30 31 55
30 31 56
30 32 6
30 32 7
30 32 8
30 32 9
30 32 10
30 32 11
30 32 12
30 32 13
30 32 14
30 32 15
30 32 16
30 32 17
30 32 18
30 32 19
30 32 20
30 32 21
30 32 22
30 32 23
30 32 24
30 32 25
30 32 26
30 32 27
30 32 28
30 32 29
30 32 30
30 32 31
30 32 32
30 32 33
30 32 34
30 32 35
30 32 36
30 32 37
30 32 38
30 32 39
30 32 40
30 32 41
30 32 42
30 32 43
30 32 44
30 32 45
30 32 46
30 32 47
30 32 48
30 32 49
30 32 50
30 32 51
30 32 52
30 32 53
30 32 54
30 32 55
30 32 56
30 33 7
30 33 8
30 33 9
30 33 10
30 33 11
30 33 12
30 33 13
30 33 14
30 33 15
30 33 16
30 33 17
30 33 18
30 33 19
30 33 20
30 33 21
30 33 22
30 33 23
30 33 24
30 33 25
30 33 26
30 33 27
30 33 28
30 33 29
30 33 30
30 33 31
30 33 32
30 33 33
30 33 34
30 33 35
30 33 36
30 33 37
30 33 38
30 33 39
30 33 40
30 33 41
30 33 42
30 33 43
30 33 44
30 33 45
30 33 46
30 33 47
30 33 48
30 33 49
30 33 50
30 33 51
30 33 52
30 33 53
30 33 54
30 33 55
30 34 10
30 34 11
30 34 12
30 34 13
30 34 14
30 34 15
30 34 16
30 34 17
30 34 18
30 34 19
30 34 20
30 34 21
30 34 22
30 34 23
30 34 24
30 34 25
30 34 26
30 34 27
30 34 28
30 34 29
30 34 30
30 34 31
30 34 32
30 34 33
30 34 34
30 34 35
30 34 36
30 34 37
30 34 38
30 34 39
30 34 40
30 34 41
30 34 42
30 34 43
30 34 44
30 34 45
30 34 46
30 34 47
30 34 48
30 34 49
30 34 50
30 34 51
30 34 52
30 34 53
30 35 13
30 35 14
30 35 15
30 35 16
30 35 17
30 35 18
30 35 19
30 35 20
30 35 21
30 35 22
30 35 23
30 35 24
30 35 25
30 35 26
30 35 27
30 35 28
30 35 29
30 35 30
30 35 31
30 35 32
30 35 33
30 35 34
30 35 35
30 35 36
30 35 37
30 35 38
30 35 39
30 35 40
30 35 41
30 35 42
30 35 43
30 35 44
30 35 45
30 35 46
30 35 47
30 35 48
30 35 49
30 35 51
30 35 52
30 35 56
30 36 9
30 36 16
30 36 17
30 36 18
30 36 19
30 36 20
30 36 21
30 36 22
30 36 23
30 36 24
30 36 25
30 36 26
30 36 27
30 36 28
30 36 29
30 36 30
30 36 31
30 36 32
30 36 33
30 36 34
30 36 35
30 36 36
30 36 37
30 36 38
30 36 39
30 36 40
30 36 41
30 36 42
30 36 43
30 36 44
30 36 45
30 36 46
30 36 50
30 37 18
30 37 19
30 37 20
30 37 21
30 37 22
30 37 23
30 37 24
30 37 25
30 37 26
30 37 27
30 37 28
30 37 29
30 37 30
30 37 31
30 37 32
30 37 33
30 37 34
30 37 35
30 37 36
30 37 37
30 37 38
30 37 39
30 37 40
30 37 41
30 37 42
30 37 43
30 37 44
30 37 50
30 38 8
30 38 20
30 38 21
30 38 22
30 38 23
30 38 24
30 38 25
30 38 26
30 38 27
30 38 28
30 38 29
30 38 30
30 38 31
30 38 32
30 38 33
30 38 34
30 38 35
30 38 36
30 38 37
30 38 38
30 38 39
30 38 40
30 38 41
30 38 44
30 38 49
30 38 52
30 39 9
30 39 20
30 39 23
30 39 24
30 39 25
30 39 26
30 39 27
30 39 28
30 39 29
30 39 30
30 39 31
30 39 32
30 39 33
30 39 34
30 39 35
30 39 36
30 39 37
30 39 38
30 39 39
30 39 49
30 40 25
30 40 26
30 40 27
30 40 28
30 40 29
30 40 30
30 40 31
30 40 32
30 40 33
30 40 34
30 40 35
30 40 36
30 40 37
30 41 26
30 41 27
30 41 28
30 41 29
30 41 30
30 41 31
30 41 32
30 41 33
30 41 34
30 41 35
30 41 36
30 42 28
30 42 29
30 42 30
30 42 31
30 42 32
30 42 33
30 42 34
30 43 29
30 43 30
30 43 31
30 43 32
30 43 33
30 44 30
30 44 31
30 44 32
30 45 31
30 46 31
30 47 31
31 16 31
31 17 31
31 18 31
31 19 30
31 19 31
31 19 32
31 20 29
31 20 30
31 20 31
31 20 32
31 20 33
31 20 40
31 21 28
31 21 29
31 21 30
31 21 31
31 21 32
31 21 33
31 21 34
31 21 50
31 22 26
31 22 27
31 22 28
31 22 29
31 22 30
31 22 31
31 22 32
31 22 33
31 22 34
31 22 35
31 22 36
31 22 50
31 23 25
31 23 26
31 23 27
31 23 28
31 23 29
31 23 30
31 23 31
31 23 32
31 23 33
31 23 34
31 23 35
31 23 36
31 23 37
31 23 44
31 24 9
31 24 23
31 24 24
31 24 25
31 24 26
31 24 27
31 24 28
31 24 29
31 24 30
31 24 31
31 24 32
31 24 33
31 24 34
31 24 35
31 24 36
31 24 37
31 24 38
31 24 39
31 24 40
31 24 42
31 24 45
31 24 49
31 25 20
31 25 21
31 25 22
31 25 23
31 25 24
31 25 25
31 25 26
31 25 27
31 25 28
31 25 29
31 25 30
31 25 31
31 25 32
31 25 33
31 25 34
31 25 35
31 25 36
31 25 37
31 25 38
31 25 39
31 25 40
31 25 41
31 25 42
31 25 50
31 26 18
31 26 19
31 26 20
31 26 21
31 26 22
31 26 23
31 26 24
31 26 25
31 26 26
31 26 27
31 26 28
31 26 29
31 26 30
31 26 31
31 26 32
31 26 33
31 26 34
31 26 35
31 26 36
31 26 37
31 26 38
31 26 39
31 26 40
31 26 41
31 26 42
31 26 43
31 26 44
31 26 46
31 26 47
31 26 50
31 26 52
31 27 15
31 27 16
31 27 17
31 27 18
31 27 19
31 27 20
31 27 21
31 27 22
31 27 23
31 27 24
31 27 25
31 27 26
31 27 27
31 27 28
31 27 29
31 27 30
31 27 31
31 27 32
31 27 33
31 27 34
31 27 35
31 27 36
31 27 37
31 27 38
31 27 39
31 27 40
31 27 41
31 27 42
31 27 43
31 27 44
31 27 45
31 27 46
31 27 47
31 27 49
31 27 50
31 27 53
31 28 12
31 28 13
31 28 14
31 28 15
31 28 16
31 28 17
31 28 18
31 28 19
31 28 20
31 28 21
31 28 22
31 28 23
31 28 24
31 28 25
31 28 26
31 28 27
31 28 28
31 28 29
31 28 30
31 28 31
31 28 32
31 28 33
31 28 34
31 28 35
31 28 36
31 28 37
31 28 38
31 28 39
31 28 40
31 28 41
31 28 42
31 28 43
31 28 44
31 28 45
31 28 46
31 28 47
31 28 48
31 28 49
31 28 50
31 29 9
31 29 10
31 29 11
31 29 12
31 29 13
31 29 14
31 29 15
31 29 16
31 29 17
31 29 18
31 29 19
31 29 20
31 29 21
31 29 22
31 29 23
31 29 24
31 29 25
31 29 26
31 29 27
31 29 28
31 29 29
31 29 30
31 29 31
31 29 32
31 29 33
31 29 34
31 29 35
31 29 36
31 29 37
31 29 38
31 29 39
31 29 40
31 29 41
31 29 42
31 29 43
31 29 44
31 29 45
31 29 46
31 29 47
31 29 48
31 29 49
31 29 50
31 29 51
31 29 52
31 29 53
31 30 6
31 30 7
31 30 8
31 30 9
31 30 10
31 30 11
31 30 12
31 30 13
31 30 14
31 30 15
31 30 16
31 30 17
31 30 18
31 30 19
31 30 20
31 30 21
31 30 22
31 30 23
31 30 24
31 30 25
31 30 26
31 30 27
31 30 28
31 30 29
31 30 30
31 30 31
31 30 32
31 30 33
31 30 34
31 30 35
31 30 36
31 30 37
31 30 38
31 30 39
31 30 40
31 30 41
31 30 42
31 30 43
31 30 44
31 30 45
31 30 46
31 30 47
31 30 48
31 30 49
31 30 50
31 30 51
31 30 52
31 30 53
31 30 54
31 30 55
31 30 56
31 31 2
31 31 3
31 31 4
31 31 5
31 31 6
31 31 7
31 31 8
31 31 9
31 31 10
31 31 11
31 31 12
31 31 13
31 31 14
31 31 15
31 31 16
31 31 17
31 31 18
31 31 19
31 31 20
31 31 21
31 31 22
31 31 23
31 31 24
31 31 25
31 31 26
31 31 27
31 31 28
31 31 29
31 31 30
31 31 31
31 31 32
31 31 33
31 31 34
31 31 35
31 31 36
31 31 37
31 31 38
31 31 39
31 31 40
31 31 41
31 31 42
31 31 43
31 31 44
31 31 45
31 31 46
31 31 47
31 31 48
31 31 49
31 31 50
31 31 51
31 31 52
31 31 53
31 31 54
31 31 55
31 31 56
31 31 57
31 31 58
31 31 59
31 31 60
31 32 2
31 32 3
31 32 4
31 32 5
31 32 6
31 32 7
31 32 8
31 32 9
31 32 10
31 32 11
31 32 12
31 32 13
31 32 14
31 32 15
31 32 16
31 32 17
31 32 18
31 32 19
31 32 20
31 32 21
31 32 22
31 32 23
31 32 24
31 32 25
31 32 26
31 32 27
31 32 28
31 32 29
31 32 30
31 32 31
31 32 32
31 32 33
31 32 34
31 32 35
31 32 36
31 32 37
31 32 38
31 32 39
31 32 40
31 32 41
31 32 42
31 32 43
31 32 44
31 32 45
31 32 46
31 32 47
31 32 48
31 32 49
31 32 50
31 32 51
31 32 52
31 32 53
31 32 54
31 32 55
31 32 56
31 32 57
31 32 58
31 32 59
31 32 60
31 33 6
31 33 7
31 33 8
31 33 9
31 33 10
31 33 11
31 33 12
31 33 13
31 33 14
31 33 15
31 33 16
31 33 17
31 33 18
31 33 19
31 33 20
31 33 21
31 33 22
31 33 23
31 33 24
31 33 25
31 33 26
31 33 27
31 33 28
31 33 29
31 33 30
31 33 31
31 33 32
31 33 33
31 33 34
31 33 35
31 33 36
31 33 37
31 33 38
31 33 39
31 33 40
31 33 41
31 33 42
31 33 43
31 33 44
31 33 45
31 33 46
31 33 47
31 33 48
31 33 49
31 33 50
31 33 51
31 33 52
31 33 53
31 33 54
31 33 55
31 33 56
31 34 9
31 34 10
31 34 11
31 34 12
31 34 13
31 34 14
31 34 15
31 34 16
31 34 17
31 34 18
31 34 19
31 34 20
31 34 21
31 34 22
31 34 23
31 34 24
31 34 25
31 34 26
31 34 27
31 34 28
31 34 29
31 34 30
31 34 31
31 34 32
31 34 33
31 34 34
31 34 35
31 34 36
31 34 37
31 34 38
31 34 39
31 34 40
31 34 41
31 34 42
31 34 43
31 34 44
31 34 45
31 34 46
31 34 47
31 34 48
31 34 49
31 34 50
31 34 51
31 34 52
31 34 53
31 35 12
31 35 13
31 35 14
31 35 15
31 35 16
31 35 17
31 35 18
31 35 19
31 35 20
31 35 21
31 35 22
31 35 23
31 35 24
31 35 25
31 35 26
31 35 27
31 35 28
31 35 29
31 35 30
31 35 31
31 35 32
31 35 33
31 35 34
31 35 35
31 35 36
31 35 37
31 35 38
31 35 39
31 35 40
31 35 41
31 35 42
31 35 43
31 35 44
31 35 45
31 35 46
31 35 47
31 35 48
31 35 49
31 35 50
31 35 51
31 35 52
31 35 56
31 36 9
31 36 15
31 36 16
31 36 17
31 36 18
31 36 19
31 36 20
31 36 21
31 36 22
31 36 23
31 36 24
31 36 25
31 36 26
31 36 27
31 36 28
31 36 29
31 36 30
31 36 31
31 36 32
31 36 33
31 36 34
31 36 35
31 36 36
31 36 37
31 36 38
31 36 39
31 36 40
31 36 41
31 36 42
31 36 43
31 36 44
31 36 45
31 36 46
31 36 47
31 36 50
31 37 8
31 37 18
31 37 19
31 37 20
31 37 21
31 37 22
31 37 23
31 37 24
31 37 25
31 37 26
31 37 27
31 37 28
31 37 29
31 37 30
31 37 31
31 37 32
31 37 33
31 37 34
31 37 35
31 37 36
31 37 37
31 37 38
31 37 39
31 37 40
31 37 41
31 37 42
31 37 43
31 37 44
31 37 49
31 38 8
31 38 20
31 38 21
31 38 22
31 38 23
31 38 24
31 38 25
31 38 26
31 38 27
31 38 28
31 38 29
31 38 30
31 38 31
31 38 32
31 38 33
31 38 34
31 38 35
31 38 36
31 38 37
31 38 38
31 38 39
31 38 40
31 38 41
31 38 42
31 38 49
31 38 52
31 39 9
31 39 20
31 39 23
31 39 24
31 39 25
31 39 26
31 39 27
31 39 28
31 39 29
31 39 30
31 39 31
31 39 32
31 39 33
31 39 34
31 39 35
31 39 36
31 39 37
31 39 38
31 39 39
31 39 41
31 39 49
31 40 25
31 40 26
31 40 27
31 40 28
31 40 29
31 40 30
31 40 31
31 40 32
31 40 33
31 40 34
31 40 35
31 40 36
31 40 37
31 41 26
31 41 27
31 41 28
31 41 29
31 41 30
31 41 31
31 41 32
31 41 33
31 41 34
31 41 35
31 41 36
31 42 28
31 42 29
31 42 30
31 42 31
31 42 32
31 42 33
31 42 34
31 43 29
31 43 30
31 43 31
31 43 32
31 43 33
31 44 30
31 44 31
31 44 32
31 45 31
31 46 31
31 47 31
32 16 31
32 17 31
32 18 31
32 19 30
32 19 31
32 19 32
32 20 29
32 20 30
32 20 31
32 20 32
32 20 33
32 21 28
32 21 29
32 21 30
32 21 31
32 21 32
32 21 33
32 21 34
32 22 26
32 22 27
32 22 28
32 22 29
32 22 30
32 22 31
32 22 32
32 22 33
32 22 34
32 22 35
32 22 36
32 23 25
32 23 26
32 23 27
32 23 28
32 23 29
32 23 30
32 23 31
32 23 32
32 23 33
32 23 34
32 23 35
32 23 36
32 23 37
32 24 23
32 24 24
32 24 25
32 24 26
32 24 27
32 24 28
32 24 29
32 24 30
32 24 31
32 24 32
32 24 33
32 24 34
32 24 35
32 24 36
32 24 37
32 24 38
32 24 39
32 24 40
32 24 41
32 25 20
32 25 21
32 25 22
32 25 23
32 25 24
32 25 25
32 25 26
32 25 27
32 25 28
32 25 29
32 25 30
32 25 31
32 25 32
32 25 33
32 25 34
32 25 35
32 25 36
32 25 37
32 25 38
32 25 39
32 25 40
32 25 41
32 25 42
32 26 18
32 26 19
32 26 20
32 26 21
32 26 22
32 26 23
32 26 24
32 26 25
32 26 26
32 26 27
32 26 28
32 26 29
32 26 30
32 26 31
32 26 32
32 26 33
32 26 34
32 26 35
32 26 36
32 26 37
32 26 38
32 26 39
32 26 40
32 26 41
32 26 42
32 26 43
32 26 44
32 27 15
32 27 16
32 27 17
32 27 18
32 27 19
32 27 20
32 27 21
32 27 22
32 27 23
32 27 24
32 27 25
32 27 26
32 27 27
32 27 28
32 27 29
32 27 30
32 27 31
32 27 32
32 27 33
32 27 34
32 27 35
32 27 36
32 27 37
32 27 38
32 27 39
32 27 40
32 27 41
32 27 42
32 27 43
32 27 44
32 27 45
32 27 46
32 27 47
32 28 12
32 28 13
32 28 14
32 28 15
32 28 16
32 28 17
32 28 18
32 28 19
32 28 20
32 28 21
32 28 22
32 28 23
32 28 24
32 28 25
32 28 26
32 28 27
32 28 28
32 28 29
32 28 30
32 28 31
32 28 32
32 28 33
32 28 34
32 28 35
32 28 36
32 28 37
32 28 38
32 28 39
32 28 40
32 28 41
32 28 42
32 28 43
32 28 44
32 28 45
32 28 46
32 28 47
32 28 48
32 28 49
32 28 50
32 29 9
32 29 10
32 29 11
32 29 12
32 29 13
32 29 14
32 29 15
32 29 16
32 29 17
32 29 18
32 29 19
32 29 20
32 29 21
32 29 22
32 29 23
32 29 24
32 29 25
32 29 26
32 29 27
32 29 28
32 29 29
32 29 30
32 29 31
32 29 32
32 29 33
32 29 34
32 29 35
32 29 36
32 29 37
32 29 38
32 29 39
32 29 40
32 29 41
32 29 42
32 29 43
32 29 44
32 29 45
32 29 46
32 29 47
32 29 48
32 29 49
32 29 50
32 29 51
32 29 52
32 29 53
32 30 6
32 30 7
32 30 8
32 30 9
32 30 10
32 30 11
32 30 12
32 30 13
32 30 14
32 30 15
32 30 16
32 30 17
32 30 18
32 30 19
32 30 20
32 30 21
32 30 22
32 30 23
32 30 24
32 30 25
32 30 26
32 30 27
32 30 28
32 30 29
32 30 30
32 30 31
32 30 32
32 30 33
32 30 34
32 30 35
32 30 36
32 30 37
32 30 38
32 30 39
32 30 40
32 30 41
32 30 42
32 30 43
32 30 44
32 30 45
32 30 46
32 30 47
32 30 48
32 30 49
32 30 50
32 30 51
32 30 52
32 30 53
32 30 54
32 30 55
32 30 56
32 31 2
32 31 3
32 31 4
32 31 5
32 31 6
32 31 7
32 31 8
32 31 9
32 31 10
32 31 11
32 31 12
32 31 13
32 31 14
32 31 15
32 31 16
32 31 17
32 31 18
32 31 19
32 31 20
32 31 21
32 31 22
32 31 23
32 31 24
32 31 25
32 31 26
32 31 27
32 31 28
32 31 29
32 31 30
32 31 31
32 31 32
32 31 33
32 31 34
32 31 35
32 31 36
32 31 37
32 31 38
32 31 39
32 31 40
32 31 41
32 31 42
32 31 43
32 31 44
32 31 45
32 31 46
32 31 47
32 31 48
32 31 49
32 31 50
32 31 51
32 31 52
32 31 53
32 31 54
32 31 55
32 31 56
32 31 57
32 31 58
32 31 59
32 31 60
32 32 2
32 32 3
32 32 4
32 32 5
32 32 6
32 32 7
32 32 8
32 32 9
32 32 10
32 32 11
32 32 12
32 32 13
32 32 14
32 32 15
32 32 16
32 32 17
32 32 18
32 32 19
32 32 20
32 32 21
32 32 22
32 32 23
32 32 24
32 32 25
32 32 26
32 32 27
32 32 28
32 32 29
32 32 30
32 32 31
32 32 32
32 32 33
32 32 34
32 32 35
32 32 36
32 32 37
32 32 38
32 32 39
32 32 40
32 32 41
32 32 42
32 32 43
32 32 44
32 32 45
32 32 46
32 32 47
32 32 48
32 32 49
32 32 50
32 32 51
32 32 52
32 32 53
32 32 54
32 32 55
32 32 56
32 32 57
32 32 58
32 32 59
32 32 60
32 33 6
32 33 7
32 33 8
32 33 9
32 33 10
32 33 11
32 33 12
32 33 13
32 33 14
32 33 15
32 33 16
32 33 17
32 33 18
32 33 19
32 33 20
32 33 21
32 33 22
32 33 23
32 33 24
32 33 25
32 33 26
32 33 27
32 33 28
32 33 29
32 33 30
32 33 31
32 33 32
32 33 33
32 33 34
32 33 35
32 33 36
32 33 37
32 33 38
32 33 39
32 33 40
32 33 41
32 33 42
32 33 43
32 33 44
32 33 45
32 33 46
32 33 47
32 33 48
32 33 49
32 33 50
32 33 51
32 33 52
32 33 53
32 33 54
32 33 55
32 33 56
32 34 9
32 34 10
32 34 11
32 34 12
32 34 13
32 34 14
32 34 15
32 34 16
32 34 17
32 34 18
32 34 19
32 34 20
32 34 21
32 34 22
32 34 23
32 34 24
32 34 25
32 34 26
32 34 27
32 34 28
32 34 29
32 34 30
32 34 31
32 34 32
32 34 33
32 34 34
32 34 35
32 34 36
32 34 37
32 34 38
32 34 39
32 34 40
32 34 41
32 34 42
32 34 43
32 34 44
32 34 45
32 34 46
32 34 47
32 34 48
32 34 49
32 34 50
32 34 51
32 34 52
32 34 53
32 35 11
32 35 12
32 35 13
32 35 14
32 35 15
32 35 16
32 35 17
32 35 18
32 35 19
32 35 20
32 35 21
32 35 22
32 35 23
32 35 24
32 35 25
32 35 26
32 35 27
32 35 28
32 35 29
32 35 30
32 35 31
32 35 32
32 35 33
32 35 34
32 35 35
32 35 36
32 35 37
32 35 38
32 35 39
32 35 40
32 35 41
32 35 42
32 35 43
32 35 44
32 35 45
32 35 46
32 35 47
32 35 48
32 35 49
32 35 50
32 35 53
32 35 54
32 36 15
32 36 16
32 36 17
32 36 18
32 36 19
32 36 20
32 36 21
32 36 22
32 36 23
32 36 24
32 36 25
32 36 26
32 36 27
32 36 28
32 36 29
32 36 30
32 36 31
32 36 32
32 36 33
32 36 34
32 36 35
32 36 36
32 36 37
32 36 38
32 36 39
32 36 40
32 36 41
32 36 42
32 36 43
32 36 44
32 36 45
32 36 46
32 36 47
32 37 12
32 37 18
32 37 19
32 37 20
32 37 21
32 37 22
32 37 23
32 37 24
32 37 25
32 37 26
32 37 27
32 37 28
32 37 29
32 37 30
32 37 31
32 37 32
32 37 33
32 37 34
32 37 35
32 37 36
32 37 37
32 37 38
32 37 39
32 37 40
32 37 41
32 37 42
32 37 43
32 37 44
32 37 47
32 38 12
32 38 20
32 38 21
32 38 22
32 38 23
32 38 24
32 38 25
32 38 26
32 38 27
32 38 28
32 38 29
32 38 30
32 38 31
32 38 32
32 38 33
32 38 34
32 38 35
32 38 36
32 38 37
32 38 38
32 38 39
32 38 40
32 38 41
32 38 42
32 38 47
32 38 55
32 39 23
32 39 24
32 39 25
32 39 26
32 39 27
32 39 28
32 39 29
32 39 30
32 39 31
32 39 32
32 39 33
32 39 34
32 39 35
32 39 36
32 39 37
32 39 38
32 39 39
32 39 40
32 40 25
32 40 26
32 40 27
32 40 28
32 40 29
32 40 30
32 40 31
32 40 32
32 40 33
32 40 34
32 40 35
32 40 36
32 40 37
32 40 44
32 41 26
32 41 27
32 41 28
32 41 29
32 41 30
32 41 31
32 41 32
32 41 33
32 41 34
32 41 35
32 41 36
32 42 28
32 42 29
32 42 30
32 42 31
32 42 32
32 42 33
32 42 34
32 43 29
32 43 30
32 43 31
32 43 32
32 43 33
32 44 30
32 44 31
32 44 32
32 44 44
32 45 31
32 46 31
32 47 31
33 16 31
33 17 31
33 18 31
33 19 30
33 19 31
33 19 32
33 20 29
33 20 30
33 20 31
33 20 32
33 20 33
33 21 28
33 21 29
33 21 30
33 21 31
33 21 32
33 21 33
33 21 34
33 22 26
33 22 27
33 22 28
33 22 29
33 22 30
33 22 31
33 22 32
33 22 33
33 22 34
33 22 35
33 22 36
33 22 41
33 23 25
33 23 26
33 23 27
33 23 28
33 23 29
33 23 30
33 23 31
33 23 32
33 23 33
33 23 34
33 23 35
33 23 36
33 23 37
33 24 23
33 24 24
33 24 25
33 24 26
33 24 27
33 24 28
33 24 29
33 24 30
33 24 31
33 24 32
33 24 33
33 24 34
33 24 35
33 24 36
33 24 37
33 24 38
33 24 39
33 24 40
33 24 41
33 25 21
33 25 22
33 25 23
33 25 24
33 25 25
33 25 26
33 25 27
33 25 28
33 25 29
33 25 30
33 25 31
33 25 32
33 25 33
33 25 34
33 25 35
33 25 36
33 25 37
33 25 38
33 25 39
33 25 40
33 25 41
33 26 18
33 26 19
33 26 20
33 26 21
33 26 22
33 26 23
33 26 24
33 26 25
33 26 26
33 26 27
33 26 28
33 26 29
33 26 30
33 26 31
33 26 32
33 26 33
33 26 34
33 26 35
33 26 36
33 26 37
33 26 38
33 26 39
33 26 40
33 26 41
33 26 42
33 26 43
33 26 44
33 27 16
33 27 17
33 27 18
33 27 19
33 27 20
33 27 21
33 27 22
33 27 23
33 27 24
33 27 25
33 27 26
33 27 27
33 27 28
33 27 29
33 27 30
33 27 31
33 27 32
33 27 33
33 27 34
33 27 35
33 27 36
33 27 37
33 27 38
33 27 39
33 27 40
33 27 41
33 27 42
33 27 43
33 27 44
33 27 45
33 27 46
33 28 13
33 28 14
33 28 15
33 28 16
33 28 17
33 28 18
33 28 19
33 28 20
33 28 21
33 28 22
33 28 23
33 28 24
33 28 25
33 28 26
33 28 27
33 28 28
33 28 29
33 28 30
33 28 31
33 28 32
33 28 33
33 28 34
33 28 35
33 28 36
33 28 37
33 28 38
33 28 39
33 28 40
33 28 41
33 28 42
33 28 43
33 28 44
33 28 45
33 28 46
33 28 47
33 28 48
33 28 49
33 29 10
33 29 11
33 29 12
33 29 13
33 29 14
33 29 15
33 29 16
33 29 17
33 29 18
33 29 19
33 29 20
33 29 21
33 29 22
33 29 23
33 29 24
33 29 25
33 29 26
33 29 27
33 29 28
33 29 29
33 29 30
33 29 31
33 29 32
33 29 33
33 29 34
33 29 35
33 29 36
33 29 37
33 29 38
33 29 39
33 29 40
33 29 41
33 29 42
33 29 43
33 29 44
33 29 45
33 29 46
33 29 47
33 29 48
33 29 49
33 29 50
33 29 51
33 29 52
33 30 7
33 30 8
33 30 9
33 30 10
33 30 11
33 30 12
33 30 13
33 30 14
33 30 15
33 30 16
33 30 17
33 30 18
33 30 19
33 30 20
33 30 21
33 30 22
33 30 23
33 30 24
33 30 25
33 30 26
33 30 27
33 30 28
33 30 29
33 30 30
33 30 31
33 30 32
33 30 33
33 30 34
33 30 35
33 30 36
33 30 37
33 30 38
33 30 39
33 30 40
33 30 41
33 30 42
33 30 43
33 30 44
33 30 45
33 30 46
33 30 47
33 30 48
33 30 49
33 30 50
33 30 51
33 30 52
33 30 53
33 30 54
33 30 55
33 31 4
33 31 5
33 31 6
33 31 7
33 31 8
33 31 9
33 31 10
33 31 11
33 31 12
33 31 13
33 31 14
33 31 15
33 31 16
33 31 17
33 31 18
33 31 19
33 31 20
33 31 21
33 31 22
33 31 23
33 31 24
33 31 25
33 31 26
33 31 27
33 31 28
33 31 29
33 31 30
33 31 31
33 31 32
33 31 33
33 31 34
33 31 35
33 31 36
33 31 37
33 31 38
33 31 39
33 31 40
33 31 41
33 31 42
33 31 43
33 31 44
33 31 45
33 31 46
33 31 47
33 31 48
33 31 49
33 31 50
33 31 51
33 31 52
33 31 53
33 31 54
33 31 55
33 31 56
33 32 6
33 32 7
33 32 8
33 32 9
33 32 10
33 32 11
33 32 12
33 32 13
33 32 14
33 32 15
33 32 16
33 32 17
33 32 18
33 32 19
33 32 20
33 32 21
33 32 22
33 32 23
33 32 24
33 32 25
33 32 26
33 32 27
33 32 28
33 32 29
33 32 30
33 32 31
33 32 32
33 32 33
33 32 34
33 32 35
33 32 36
33 32 37
33 32 38
33 32 39
33 32 40
33 32 41
33 32 42
33 32 43
33 32 44
33 32 45
33 32 46
33 32 47
33 32 48
33 32 49
33 32 50
33 32 51
33 32 52
33 32 53
33 32 54
33 32 55
33 32 56
33 32 58
33 33 7
33 33 8
33 33 9
33 33 10
33 33 11
33 33 12
33 33 13
33 33 14
33 33 15
33 33 16
33 33 17
33 33 18
33 33 19
33 33 20
33 33 21
33 33 22
33 33 23
33 33 24
33 33 25
33 33 26
33 33 27
33 33 28
33 33 29
33 33 30
33 33 31
33 33 32
33 33 33
33 33 34
33 33 35
33 33 36
33 33 37
33 33 38
33 33 39
33 33 40
33 33 41
33 33 42
33 33 43
33 33 44
33 33 45
33 33 46
33 33 47
33 33 48
33 33 49
33 33 50
33 33 51
33 33 52
33 33 53
33 33 54
33 33 55
33 34 10
33 34 11
33 34 12
33 34 13
33 34 14
33 34 15
33 34 16
33 34 17
33 34 18
33 34 19
33 34 20
33 34 21
33 34 22
33 34 23
33 34 24
33 34 25
33 34 26
33 34 27
33 34 28
33 34 29
33 34 30
33 34 31
33 34 32
33 34 33
33 34 34
33 34 35
33 34 36
33 34 37
33 34 38
33 34 39
33 34 40
33 34 41
33 34 42
33 34 43
33 34 44
33 34 45
33 34 46
33 34 47
33 34 48
33 34 49
33 34 50
33 34 51
33 34 52
33 34 53
33 35 11
33 35 13
33 35 14
33 35 15
33 35 16
33 35 17
33 35 18
33 35 19
33 35 20
33 35 21
33 35 22
33 35 23
33 35 24
33 35 25
33 35 26
33 35 27
33 35 28
33 35 29
33 35 30
33 35 31
33 35 32
33 35 33
33 35 34
33 35 35
33 35 36
33 35 37
33 35 38
33 35 39
33 35 40
33 35 41
33 35 42
33 35 43
33 35 44
33 35 45
33 35 46
33 35 47
33 35 48
33 35 49
33 35 54
33 36 15
33 36 16
33 36 17
33 36 18
33 36 19
33 36 20
33 36 21
33 36 22
33 36 23
33 36 24
33 36 25
33 36 26
33 36 27
33 36 28
33 36 29
33 36 30
33 36 31
33 36 32
33 36 33
33 36 34
33 36 35
33 36 36
33 36 37
33 36 38
33 36 39
33 36 40
33 36 41
33 36 42
33 36 43
33 36 44
33 36 45
33 36 46
33 37 12
33 37 18
33 37 19
33 37 20
33 37 21
33 37 22
33 37 23
33 37 24
33 37 25
33 37 26
33 37 27
33 37 28
33 37 29
33 37 30
33 37 31
33 37 32
33 37 33
33 37 34
33 37 35
33 37 36
33 37 37
33 37 38
33 37 39
33 37 40
33 37 41
33 37 42
33 37 43
33 37 44
33 37 47
33 38 12
33 38 21
33 38 22
33 38 23
33 38 24
33 38 25
33 38 26
33 38 27
33 38 28
33 38 29
33 38 30
33 38 31
33 38 32
33 38 33
33 38 34
33 38 35
33 38 36
33 38 37
33 38 38
33 38 39
33 38 40
33 38 41
33 38 47
33 39 23
33 39 24
33 39 25
33 39 26
33 39 27
33 39 28
33 39 29
33 39 30
33 39 31
33 39 32
33 39 33
33 39 34
33 39 35
33 39 36
33 39 37
33 39 38
33 39 39
33 39 40
33 40 25
33 40 26
33 40 27
33 40 28
33 40 29
33 40 30
33 40 31
33 40 32
33 40 33
33 40 34
33 40 35
33 40 36
33 40 37
33 40 44
33 41 26
33 41 27
33 41 28
33 41 29
33 41 30
33 41 31
33 41 32
33 41 33
33 41 34
33 41 35
33 41 36
33 42 28
33 42 29
33 42 30
33 42 31
33 42 32
33 42 33
33 42 34
33 43 29
33 43 30
33 43 31
33 43 32
33 43 33
33 44 30
33 44 31
33 44 32
33 44 46
33 45 31
33 46 31
33 47 31
34 16 31
34 17 31
34 18 31
34 19 30
34 19 31
34 19 32
34 20 29
34 20 30
34 20 31
34 20 32
34 20 33
34 21 28
34 21 29
34 21 30
34 21 31
34 21 32
34 21 33
34 21 34
34 22 27
34 22 28
34 22 29
34 22 30
34 22 31
34 22 32
34 22 33
34 22 34
34 22 35
34 23 25
34 23 26
34 23 27
34 23 28
34 23 29
34 23 30
34 23 31
34 23 32
34 23 33
34 23 34
34 23 35
34 23 36
34 23 37
34 24 23
34 24 24
34 24 25
34 24 26
34 24 27
34 24 28
34 24 29
34 24 30
34 24 31
34 24 32
34 24 33
34 24 34
34 24 35
34 24 36
34 24 37
34 24 38
34 24 39
34 24 40
34 24 41
34 25 21
34 25 22
34 25 23
34 25 24
34 25 25
34 25 26
34 25 27
34 25 28
34 25 29
34 25 30
34 25 31
34 25 32
34 25 33
34 25 34
34 25 35
34 25 36
34 25 37
34 25 38
34 25 39
34 25 40
34 25 41
34 26 19
34 26 20
34 26 21
34 26 22
34 26 23
34 26 24
34 26 25
34 26 26
34 26 27
34 26 28
34 26 29
34 26 30
34 26 31
34 26 32
34 26 33
34 26 34
34 26 35
34 26 36
34 26 37
34 26 38
34 26 39
34 26 40
34 26 41
34 26 42
34 26 43
34 27 15
34 27 17
34 27 18
34 27 19
34 27 20
34 27 21
34 27 22
34 27 23
34 27 24
34 27 25
34 27 26
34 27 27
34 27 28
34 27 29
34 27 30
34 27 31
34 27 32
34 27 33
34 27 34
34 27 35
34 27 36
34 27 37
34 27 38
34 27 39
34 27 40
34 27 41
34 27 42
34 27 43
34 27 44
34 27 45
34 28 14
34 28 15
34 28 16
34 28 17
34 28 18
34 28 19
34 28 20
34 28 21
34 28 22
34 28 23
34 28 24
34 28 25
34 28 26
34 28 27
34 28 28
34 28 29
34 28 30
34 28 31
34 28 32
34 28 33
34 28 34
34 28 35
34 28 36
34 28 37
34 28 38
34 28 39
34 28 40
34 28 41
34 28 42
34 28 43
34 28 44
34 28 45
34 28 46
34 28 47
34 28 48
34 28 49
34 29 12
34 29 13
34 29 14
34 29 15
34 29 16
34 29 17
34 29 18
34 29 19
34 29 20
34 29 21
34 29 22
34 29 23
34 29 24
34 29 25
34 29 26
34 29 27
34 29 28
34 29 29
34 29 30
34 29 31
34 29 32
34 29 33
34 29 34
34 29 35
34 29 36
34 29 37
34 29 38
34 29 39
34 29 40
34 29 41
34 29 42
34 29 43
34 29 44
34 29 45
34 29 46
34 29 47
34 29 48
34 29 49
34 29 50
34 30 10
34 30 11
34 30 12
34 30 13
34 30 14
34 30 15
34 30 16
34 30 17
34 30 18
34 30 19
34 30 20
34 30 21
34 30 22
34 30 23
34 30 24
34 30 25
34 30 26
34 30 27
34 30 28
34 30 29
34 30 30
34 30 31
34 30 32
34 30 33
34 30 34
34 30 35
34 30 36
34 30 37
34 30 38
34 30 39
34 30 40
34 30 41
34 30 42
34 30 43
34 30 44
34 30 45
34 30 46
34 30 47
34 30 48
34 30 49
34 30 50
34 30 51
34 30 52
34 31 3
34 31 9
34 31 10
34 31 11
34 31 12
34 31 13
34 31 14
34 31 15
34 31 16
34 31 17
34 31 18
34 31 19
34 31 20
34 31 21
34 31 22
34 31 23
34 31 24
34 31 25
34 31 26
34 31 27
34 31 28
34 31 29
34 31 30
34 31 31
34 31 32
34 31 33
34 31 34
34 31 35
34 31 36
34 31 37
34 31 38
34 31 39
34 31 40
34 31 41
34 31 42
34 31 43
34 31 44
34 31 45
34 31 46
34 31 47
34 31 48
34 31 49
34 31 50
34 31 51
34 31 52
34 31 53
34 31 55
34 32 2
34 32 8
34 32 9
34 32 10
34 32 11
34 32 12
34 32 13
34 32 14
34 32 15
34 32 16
34 32 17
34 32 18
34 32 19
34 32 20
34 32 21
34 32 22
34 32 23
34 32 24
34 32 25
34 32 26
34 32 27
34 32 28
34 32 29
34 32 30
34 32 31
34 32 32
34 32 33
34 32 34
34 32 35
34 32 36
34 32 37
34 32 38
34 32 39
34 32 40
34 32 41
34 32 42
34 32 43
34 32 44
34 32 45
34 32 46
34 32 47
34 32 48
34 32 49
34 32 50
34 32 51
34 32 52
34 32 53
34 32 60
34 33 9
34 33 10
34 33 11
34 33 12
34 33 13
34 33 14
34 33 15
34 33 16
34 33 17
34 33 18
34 33 19
34 33 20
34 33 21
34 33 22
34 33 23
34 33 24
34 33 25
34 33 26
34 33 27
34 33 28
34 33 29
34 33 30
34 33 31
34 33 32
34 33 33
34 33 34
34 33 35
34 33 36
34 33 37
34 33 38
34 33 39
34 33 40
34 33 41
34 33 42
34 33 43
34 33 44
34 33 45
34 33 46
34 33 47
34 33 48
34 33 49
34 33 50
34 33 51
34 33 52
34 33 54
34 34 10
34 34 11
34 34 12
34 34 13
34 34 14
34 34 15
34 34 16
34 34 17
34 34 18
34 34 19
34 34 20
34 34 21
34 34 22
34 34 23
34 34 24
34 34 25
34 34 26
34 34 27
34 34 28
34 34 29
34 34 30
34 34 31
34 34 32
34 34 33
34 34 34
34 34 35
34 34 36
34 34 37
34 34 38
34 34 39
34 34 40
34 34 41
34 34 42
34 34 43
34 34 44
34 34 45
34 34 46
34 34 47
34 34 48
34 34 49
34 34 50
34 34 53
34 35 10
34 35 11
34 35 14
34 35 15
34 35 16
34 35 17
34 35 18
34 35 19
34 35 20
34 35 21
34 35 22
34 35 23
34 35 24
34 35 25
34 35 26
34 35 27
34 35 28
34 35 29
34 35 30
34 35 31
34 35 32
34 35 33
34 35 34
34 35 35
34 35 36
34 35 37
34 35 38
34 35 39
34 35 40
34 35 41
34 35 42
34 35 43
34 35 44
34 35 45
34 35 46
34 35 47
34 35 48
34 35 54
34 36 17
34 36 18
34 36 19
34 36 20
34 36 21
34 36 22
34 36 23
34 36 24
34 36 25
34 36 26
34 36 27
34 36 28
34 36 29
34 36 30
34 36 31
34 36 32
34 36 33
34 36 34
34 36 35
34 36 36
34 36 37
34 36 38
34 36 39
34 36 40
34 36 41
34 36 42
34 36 43
34 36 44
34 36 45
34 36 47
34 37 12
34 37 19
34 37 20
34 37 21
34 37 22
34 37 23
34 37 24
34 37 25
34 37 26
34 37 27
34 37 28
34 37 29
34 37 30
34 37 31
34 37 32
34 37 33
34 37 34
34 37 35
34 37 36
34 37 37
34 37 38
34 37 39
34 37 40
34 37 41
34 37 42
34 37 43
34 37 47
34 38 21
34 38 22
34 38 23
34 38 24
34 38 25
34 38 26
34 38 27
34 38 28
34 38 29
34 38 30
34 38 31
34 38 32
34 38 33
34 38 34
34 38 35
34 38 36
34 38 37
34 38 38
34 38 39
34 38 40
34 38 41
34 38 47
34 39 23
34 39 24
34 39 25
34 39 26
34 39 27
34 39 28
34 39 29
34 39 30
34 39 31
34 39 32
34 39 33
34 39 34
34 39 35
34 39 36
34 39 37
34 39 38
34 39 39
34 39 40
34 40 25
34 40 26
34 40 27
34 40 28
34 40 29
34 40 30
34 40 31
34 40 32
34 40 33
34 40 34
34 40 35
34 40 36
34 40 37
34 40 44
34 41 27
34 41 28
34 41 29
34 41 30
34 41 31
34 41 32
34 41 33
34 41 34
34 41 35
34 42 25
34 42 28
34 42 29
34 42 30
34 42 31
34 42 32
34 42 33
34 42 34
34 43 29
34 43 30
34 43 31
34 43 32
34 43 33
34 44 30
34 44 31
34 44 32
34 44 46
34 45 31
34 46 31
34 47 31
35 16 31
35 17 31
35 18 31
35 19 30
35 19 31
35 19 32
35 20 30
35 20 31
35 20 32
35 21 28
35 21 29
35 21 30
35 21 31
35 21 32
35 21 33
35 21 34
35 22 27
35 22 28
35 22 29
35 22 30
35 22 31
35 22 32
35 22 33
35 22 34
35 22 35
35 22 41
35 23 26
35 23 27
35 23 28
35 23 29
35 23 30
35 23 31
35 23 32
35 23 33
35 23 34
35 23 35
35 23 36
35 23 40
35 24 24
35 24 25
35 24 26
35 24 27
35 24 28
35 24 29
35 24 30
35 24 31
35 24 32
35 24 33
35 24 34
35 24 35
35 24 36
35 24 37
35 24 38
35 24 41
35 25 22
35 25 23
35 25 24
35 25 25
35 25 26
35 25 27
35 25 28
35 25 29
35 25 30
35 25 31
35 25 32
35 25 33
35 25 34
35 25 35
35 25 36
35 25 37
35 25 38
35 25 39
35 25 40
35 25 41
35 26 20
35 26 21
35 26 22
35 26 23
35 26 24
35 26 25
35 26 26
35 26 27
35 26 28
35 26 29
35 26 30
35 26 31
35 26 32
35 26 33
35 26 34
35 26 35
35 26 36
35 26 37
35 26 38
35 26 39
35 26 40
35 26 41
35 26 42
35 27 18
35 27 19
35 27 20
35 27 21
35 27 22
35 27 23
35 27 24
35 27 25
35 27 26
35 27 27
35 27 28
35 27 29
35 27 30
35 27 31
35 27 32
35 27 33
35 27 34
35 27 35
35 27 36
35 27 37
35 27 38
35 27 39
35 27 40
35 27 41
35 27 42
35 27 43
35 27 44
35 28 16
35 28 17
35 28 18
35 28 19
35 28 20
35 28 21
35 28 22
35 28 23
35 28 24
35 28 25
35 28 26
35 28 27
35 28 28
35 28 29
35 28 30
35 28 31
35 28 32
35 28 33
35 28 34
35 28 35
35 28 36
35 28 37
35 28 38
35 28 39
35 28 40
35 28 41
35 28 42
35 28 43
35 28 44
35 28 45
35 28 46
35 28 48
35 29 14
35 29 15
35 29 16
35 29 17
35 29 18
35 29 19
35 29 20
35 29 21
35 29 22
35 29 23
35 29 24
35 29 25
35 29 26
35 29 27
35 29 28
35 29 29
35 29 30
35 29 31
35 29 32
35 29 33
35 29 34
35 29 35
35 29 36
35 29 37
35 29 38
35 29 39
35 29 40
35 29 41
35 29 42
35 29 43
35 29 44
35 29 45
35 29 46
35 29 47
35 29 48
35 29 49
35 30 13
35 30 14
35 30 15
35 30 16
35 30 17
35 30 18
35 30 19
35 30 20
35 30 21
35 30 22
35 30 23
35 30 24
35 30 25
35 30 26
35 30 27
35 30 28
35 30 29
35 30 30
35 30 31
35 30 32
35 30 33
35 30 34
35 30 35
35 30 36
35 30 37
35 30 38
35 30 39
35 30 40
35 30 41
35 30 42
35 30 43
35 30 44
35 30 45
35 30 46
35 30 47
35 30 48
35 30 49
35 31 5
35 31 11
35 31 12
35 31 13
35 31 14
35 31 15
35 31 16
35 31 17
35 31 18
35 31 19
35 31 20
35 31 21
35 31 22
35 31 23
35 31 24
35 31 25
35 31 26
35 31 27
35 31 28
35 31 29
35 31 30
35 31 31
35 31 32
35 31 33
35 31 34
35 31 35
35 31 36
35 31 37
35 31 38
35 31 39
35 31 40
35 31 41
35 31 42
35 31 43
35 31 44
35 31 45
35 31 46
35 31 47
35 31 48
35 31 49
35 31 50
35 31 51
35 31 52
35 31 55
35 32 3
35 32 4
35 32 8
35 32 9
35 32 12
35 32 13
35 32 14
35 32 15
35 32 16
35 32 17
35 32 18
35 32 19
35 32 20
35 32 21
35 32 22
35 32 23
35 32 24
35 32 25
35 32 26
35 32 27
35 32 28
35 32 29
35 32 30
35 32 31
35 32 32
35 32 33
35 32 34
35 32 35
35 32 36
35 32 37
35 32 38
35 32 39
35 32 40
35 32 41
35 32 42
35 32 43
35 32 44
35 32 45
35 32 46
35 32 47
35 32 48
35 32 49
35 32 50
35 32 57
35 33 9
35 33 10
35 33 11
35 33 12
35 33 13
35 33 14
35 33 15
35 33 16
35 33 17
35 33 18
35 33 19
35 33 20
35 33 21
35 33 22
35 33 23
35 33 24
35 33 25
35 33 26
35 33 27
35 33 28
35 33 29
35 33 30
35 33 31
35 33 32
35 33 33
35 33 34
35 33 35
35 33 36
35 33 37
35 33 38
35 33 39
35 33 40
35 33 41
35 33 42
35 33 43
35 33 44
35 33 45
35 33 46
35 33 47
35 33 48
35 33 49
35 33 54
35 34 10
35 34 14
35 34 15
35 34 16
35 34 17
35 34 18
35 34 19
35 34 20
35 34 21
35 34 22
35 34 23
35 34 24
35 34 25
35 34 26
35 34 27
35 34 28
35 34 29
35 34 30
35 34 31
35 34 32
35 34 33
35 34 34
35 34 35
35 34 36
35 34 37
35 34 38
35 34 39
35 34 40
35 34 41
35 34 42
35 34 43
35 34 44
35 34 45
35 34 46
35 34 47
35 34 48
35 34 53
35 35 10
35 35 11
35 35 16
35 35 17
35 35 18
35 35 19
35 35 20
35 35 21
35 35 22
35 35 23
35 35 24
35 35 25
35 35 26
35 35 27
35 35 28
35 35 29
35 35 30
35 35 31
35 35 32
35 35 33
35 35 34
35 35 35
35 35 36
35 35 37
35 35 38
35 35 39
35 35 40
35 35 41
35 35 42
35 35 43
35 35 44
35 35 45
35 35 46
35 35 49
35 35 54
35 36 18
35 36 19
35 36 20
35 36 21
35 36 22
35 36 23
35 36 24
35 36 25
35 36 26
35 36 27
35 36 28
35 36 29
35 36 30
35 36 31
35 36 32
35 36 33
35 36 34
35 36 35
35 36 36
35 36 37
35 36 38
35 36 39
35 36 40
35 36 41
35 36 42
35 36 43
35 36 44
35 36 47
35 37 12
35 37 20
35 37 21
35 37 22
35 37 23
35 37 24
35 37 25
35 37 26
35 37 27
35 37 28
35 37 29
35 37 30
35 37 31
35 37 32
35 37 33
35 37 34
35 37 35
35 37 36
35 37 37
35 37 38
35 37 39
35 37 40
35 37 41
35 37 42
35 37 47
35 38 20
35 38 22
35 38 23
35 38 24
35 38 25
35 38 26
35 38 27
35 38 28
35 38 29
35 38 30
35 38 31
35 38 32
35 38 33
35 38 34
35 38 35
35 38 36
35 38 37
35 38 38
35 38 39
35 38 40
35 38 47
35 39 24
35 39 25
35 39 26
35 39 27
35 39 28
35 39 29
35 39 30
35 39 31
35 39 32
35 39 33
35 39 34
35 39 35
35 39 36
35 39 37
35 39 38
35 39 39
35 40 26
35 40 27
35 40 28
35 40 29
35 40 30
35 40 31
35 40 32
35 40 33
35 40 34
35 40 35
35 40 36
35 41 27
35 41 28
35 41 29
35 41 30
35 41 31
35 41 32
35 41 33
35 41 34
35 41 35
35 42 28
35 42 29
35 42 30
35 42 31
35 42 32
35 42 33
35 42 34
35 43 30
35 43 31
35 43 32
35 44 30
35 44 31
35 44 32
35 44 46
35 45 31
35 46 31
35 47 31
36 17 31
36 18 31
36 19 31
36 20 30
36 20 31
36 20 32
36 21 29
36 21 30
36 21 31
36 21 32
36 21 33
36 22 28
36 22 29
36 22 30
36 22 31
36 22 32
36 22 33
36 22 34
36 23 26
36 23 27
36 23 28
36 23 29
36 23 30
36 23 31
36 23 32
36 23 33
36 23 34
36 23 35
36 23 36
36 24 25
36 24 26
36 24 27
36 24 28
36 24 29
36 24 30
36 24 31
36 24 32
36 24 33
36 24 34
36 24 35
36 24 36
36 24 37
36 24 41
36 25 23
36 25 24
36 25 25
36 25 26
36 25 27
36 25 28
36 25 29
36 25 30
36 25 31
36 25 32
36 25 33
36 25 34
36 25 35
36 25 36
36 25 37
36 25 38
36 25 39
36 25 40
36 25 41
36 26 14
36 26 22
36 26 23
36 26 24
36 26 25
36 26 26
36 26 27
36 26 28
36 26 29
36 26 30
36 26 31
36 26 32
36 26 33
36 26 34
36 26 35
36 26 36
36 26 37
36 26 38
36 26 39
36 26 40
36 26 41
36 27 6
36 27 20
36 27 21
36 27 22
36 27 23
36 27 24
36 27 25
36 27 26
36 27 27
36 27 28
36 27 29
36 27 30
36 27 31
36 27 32
36 27 33
36 27 34
36 27 35
36 27 36
36 27 37
36 27 38
36 27 39
36 27 40
36 27 41
36 27 42
36 27 45
36 28 18
36 28 19
36 28 20
36 28 21
36 28 22
36 28 23
36 28 24
36 28 25
36 28 26
36 28 27
36 28 28
36 28 29
36 28 30
36 28 31
36 28 32
36 28 33
36 28 34
36 28 35
36 28 36
36 28 37
36 28 38
36 28 39
36 28 40
36 28 41
36 28 42
36 28 43
36 28 44
36 28 45
36 28 46
36 29 13
36 29 17
36 29 18
36 29 19
36 29 20
36 29 21
36 29 22
36 29 23
36 29 24
36 29 25
36 29 26
36 29 27
36 29 28
36 29 29
36 29 30
36 29 31
36 29 32
36 29 33
36 29 34
36 29 35
36 29 36
36 29 37
36 29 38
36 29 39
36 29 40
36 29 41
36 29 42
36 29 43
36 29 44
36 29 45
36 29 48
36 29 49
36 30 16
36 30 17
36 30 18
36 30 19
36 30 20
36 30 21
36 30 22
36 30 23
36 30 24
36 30 25
36 30 26
36 30 27
36 30 28
36 30 29
36 30 30
36 30 31
36 30 32
36 30 33
36 30 34
36 30 35
36 30 36
36 30 37
36 30 38
36 30 39
36 30 40
36 30 41
36 30 42
36 30 43
36 30 44
36 30 45
36 30 46
36 30 48
36 30 54
36 31 15
36 31 16
36 31 17
36 31 18
36 31 19
36 31 20
36 31 21
36 31 22
36 31 23
36 31 24
36 31 25
36 31 26
36 31 27
36 31 28
36 31 29
36 31 30
36 31 31
36 31 32
36 31 33
36 31 34
36 31 35
36 31 36
36 31 37
36 31 38
36 31 39
36 31 40
36 31 41
36 31 42
36 31 43
36 31 44
36 31 45
36 31 46
36 31 47
36 31 48
36 31 51
36 32 5
36 32 6
36 32 8
36 32 9
36 32 15
36 32 16
36 32 17
36 32 18
36 32 19
36 32 20
36 32 21
36 32 22
36 32 23
36 32 24
36 32 25
36 32 26
36 32 27
36 32 28
36 32 29
36 32 30
36 32 31
36 32 32
36 32 33
36 32 34
36 32 35
36 32 36
36 32 37
36 32 38
36 32 39
36 32 40
36 32 41
36 32 42
36 32 43
36 32 44
36 32 45
36 32 46
36 32 47
36 32 59
36 33 9
36 33 10
36 33 12
36 33 16
36 33 17
36 33 18
36 33 19
36 33 20
36 33 21
36 33 22
36 33 23
36 33 24
36 33 25
36 33 26
36 33 27
36 33 28
36 33 29
36 33 30
36 33 31
36 33 32
36 33 33
36 33 34
36 33 35
36 33 36
36 33 37
36 33 38
36 33 39
36 33 40
36 33 41
36 33 42
36 33 43
36 33 44
36 33 45
36 33 46
36 33 47
36 33 49
36 33 54
36 34 10
36 34 11
36 34 17
36 34 18
36 34 19
36 34 20
36 34 21
36 34 22
36 34 23
36 34 24
36 34 25
36 34 26
36 34 27
36 34 28
36 34 29
36 34 30
36 34 31
36 34 32
36 34 33
36 34 34
36 34 35
36 34 36
36 34 37
36 34 38
36 34 39
36 34 40
36 34 41
36 34 42
36 34 43
36 34 44
36 34 45
36 34 53
36 35 10
36 35 11
36 35 18
36 35 19
36 35 20
36 35 21
36 35 22
36 35 23
36 35 24
36 35 25
36 35 26
36 35 27
36 35 28
36 35 29
36 35 30
36 35 31
36 35 32
36 35 33
36 35 34
36 35 35
36 35 36
36 35 37
36 35 38
36 35 39
36 35 40
36 35 41
36 35 42
36 35 43
36 35 44
36 35 45
36 35 46
36 35 49
36 36 20
36 36 21
36 36 22
36 36 23
36 36 24
36 36 25
36 36 26
36 36 27
36 36 28
36 36 29
36 36 30
36 36 31
36 36 32
36 36 33
36 36 34
36 36 35
36 36 36
36 36 37
36 36 38
36 36 39
36 36 40
36 36 41
36 36 42
36 36 47
36 37 12
36 37 22
36 37 23
36 37 24
36 37 25
36 37 26
36 37 27
36 37 28
36 37 29
36 37 30
36 37 31
36 37 32
36 37 33
36 37 34
36 37 35
36 37 36
36 37 37
36 37 38
36 37 39
36 37 40
36 37 47
36 38 23
36 38 24
36 38 25
36 38 26
36 38 27
36 38 28
36 38 29
36 38 30
36 38 31
36 38 32
36 38 33
36 38 34
36 38 35
36 38 36
36 38 37
36 38 38
36 38 39
36 38 40
36 38 47
36 39 25
36 39 26
36 39 27
36 39 28
36 39 29
36 39 30
36 39 31
36 39 32
36 39 33
36 39 34
36 39 35
36 39 36
36 39 37
36 39 39
36 40 26
36 40 27
36 40 28
36 40 29
36 40 30
36 40 31
36 40 32
36 40 33
36 40 34
36 40 35
36 40 36
36 41 28
36 41 29
36 41 30
36 41 31
36 41 32
36 41 33
36 41 34
36 42 15
36 42 29
36 42 30
36 42 31
36 42 32
36 42 33
36 43 30
36 43 31
36 43 32
36 44 31
36 45 31
36 46 31
37 17 31
37 18 31
37 19 31
37 20 30
37 20 31
37 20 32
37 21 29
37 21 30
37 21 31
37 21 32
37 21 33
37 22 28
37 22 29
37 22 30
37 22 31
37 22 32
37 22 33
37 22 34
37 23 27
37 23 28
37 23 29
37 23 30
37 23 31
37 23 32
37 23 33
37 23 34
37 23 35
37 23 40
37 24 26
37 24 27
37 24 28
37 24 29
37 24 30
37 24 31
37 24 32
37 24 33
37 24 34
37 24 35
37 24 36
37 24 37
37 24 41
37 25 21
37 25 25
37 25 26
37 25 27
37 25 28
37 25 29
37 25 30
37 25 31
37 25 32
37 25 33
37 25 34
37 25 35
37 25 36
37 25 37
37 25 39
37 25 41
37 26 23
37 26 24
37 26 25
37 26 26
37 26 27
37 26 28
37 26 29
37 26 30
37 26 31
37 26 32
37 26 33
37 26 34
37 26 35
37 26 36
37 26 37
37 26 38
37 26 39
37 26 40
37 26 41
37 27 6
37 27 17
37 27 22
37 27 23
37 27 24
37 27 25
37 27 26
37 27 27
37 27 28
37 27 29
37 27 30
37 27 31
37 27 32
37 27 33
37 27 34
37 27 35
37 27 36
37 27 37
37 27 38
37 27 39
37 27 40
37 28 20
37 28 21
37 28 22
37 28 23
37 28 24
37 28 25
37 28 26
37 28 27
37 28 28
37 28 29
37 28 30
37 28 31
37 28 32
37 28 33
37 28 34
37 28 35
37 28 36
37 28 37
37 28 38
37 28 39
37 28 40
37 28 41
37 28 42
37 28 45
37 28 46
37 28 48
37 29 19
37 29 20
37 29 21
37 29 22
37 29 23
37 29 24
37 29 25
37 29 26
37 29 27
37 29 28
37 29 29
37 29 30
37 29 31
37 29 32
37 29 33
37 29 34
37 29 35
37 29 36
37 29 37
37 29 38
37 29 39
37 29 40
37 29 41
37 29 42
37 29 43
37 29 45
37 29 48
37 29 49
37 30 18
37 30 19
37 30 20
37 30 21
37 30 22
37 30 23
37 30 24
37 30 25
37 30 26
37 30 27
37 30 28
37 30 29
37 30 30
37 30 31
37 30 32
37 30 33
37 30 34
37 30 35
37 30 36
37 30 37
37 30 38
37 30 39
37 30 40
37 30 41
37 30 42
37 30 43
37 30 44
37 30 46
37 30 48
37 30 54
37 30 56
37 31 18
37 31 19
37 31 20
37 31 21
37 31 22
37 31 23
37 31 24
37 31 25
37 31 26
37 31 27
37 31 28
37 31 29
37 31 30
37 31 31
37 31 32
37 31 33
37 31 34
37 31 35
37 31 36
37 31 37
37 31 38
37 31 39
37 31 40
37 31 41
37 31 42
37 31 43
37 31 44
37 31 46
37 31 48
37 31 51
37 32 6
37 32 8
37 32 12
37 32 18
37 32 19
37 32 20
37 32 21
37 32 22
37 32 23
37 32 24
37 32 25
37 32 26
37 32 27
37 32 28
37 32 29
37 32 30
37 32 31
37 32 32
37 32 33
37 32 34
37 32 35
37 32 36
37 32 37
37 32 38
37 32 39
37 32 40
37 32 41
37 32 42
37 32 43
37 32 44
37 32 60
37 33 9
37 33 12
37 33 18
37 33 19
37 33 20
37 33 21
37 33 22
37 33 23
37 33 24
37 33 25
37 33 26
37 33 27
37 33 28
37 33 29
37 33 30
37 33 31
37 33 32
37 33 33
37 33 34
37 33 35
37 33 36
37 33 37
37 33 38
37 33 39
37 33 40
37 33 41
37 33 42
37 33 43
37 33 44
37 33 46
37 33 47
37 33 49
37 33 54
37 34 10
37 34 11
37 34 19
37 34 20
37 34 21
37 34 22
37 34 23
37 34 24
37 34 25
37 34 26
37 34 27
37 34 28
37 34 29
37 34 30
37 34 31
37 34 32
37 34 33
37 34 34
37 34 35
37 34 36
37 34 37
37 34 38
37 34 39
37 34 40
37 34 41
37 34 42
37 34 43
37 34 45
37 34 53
37 35 10
37 35 11
37 35 20
37 35 21
37 35 22
37 35 23
37 35 24
37 35 25
37 35 26
37 35 27
37 35 28
37 35 29
37 35 30
37 35 31
37 35 32
37 35 33
37 35 34
37 35 35
37 35 36
37 35 37
37 35 38
37 35 39
37 35 40
37 35 41
37 35 42
37 35 43
37 35 46
37 36 22
37 36 23
37 36 24
37 36 25
37 36 26
37 36 27
37 36 28
37 36 29
37 36 30
37 36 31
37 36 32
37 36 33
37 36 34
37 36 35
37 36 36
37 36 37
37 36 38
37 36 39
37 36 40
37 36 47
37 37 12
37 37 20
37 37 23
37 37 24
37 37 25
37 37 26
37 37 27
37 37 28
37 37 29
37 37 30
37 37 31
37 37 32
37 37 33
37 37 34
37 37 35
37 37 36
37 37 37
37 37 38
37 37 39
37 37 40
37 37 47
37 37 55
37 38 25
37 38 26
37 38 27
37 38 28
37 38 29
37 38 30
37 38 31
37 38 32
37 38 33
37 38 34
37 38 35
37 38 36
37 38 37
37 38 39
37 39 26
37 39 27
37 39 28
37 39 29
37 39 30
37 39 31
37 39 32
37 39 33
37 39 34
37 39 35
37 39 36
37 39 39
37 40 27
37 40 28
37 40 29
37 40 30
37 40 31
37 40 32
37 40 33
37 40 34
37 40 35
37 41 28
37 41 29
37 41 30
37 41 31
37 41 32
37 41 33
37 41 34
37 42 29
37 42 30
37 42 31
37 42 32
37 42 33
37 43 30
37 43 31
37 43 32
37 44 31
37 45 31
37 46 31
38 17 31
38 18 31
38 19 31
38 20 31
38 21 30
38 21 31
38 21 32
38 22 29
38 22 30
38 22 31
38 22 32
38 22 33
38 23 28
38 23 29
38 23 30
38 23 31
38 23 32
38 23 33
38 23 34
38 24 27
38 24 28
38 24 29
38 24 30
38 24 31
38 24 32
38 24 33
38 24 34
38 24 35
38 24 37
38 25 26
38 25 27
38 25 28
38 25 29
38 25 30
38 25 31
38 25 32
38 25 33
38 25 34
38 25 35
38 25 36
38 25 37
38 25 39
38 25 41
38 26 14
38 26 25
38 26 26
38 26 27
38 26 28
38 26 29
38 26 30
38 26 31
38 26 32
38 26 33
38 26 34
38 26 35
38 26 36
38 26 37
38 26 41
38 27 23
38 27 24
38 27 25
38 27 26
38 27 27
38 27 28
38 27 29
38 27 30
38 27 31
38 27 32
38 27 33
38 27 34
38 27 35
38 27 36
38 27 37
38 27 38
38 27 39
38 27 40
38 28 22
38 28 23
38 28 24
38 28 25
38 28 26
38 28 27
38 28 28
38 28 29
38 28 30
38 28 31
38 28 32
38 28 33
38 28 34
38 28 35
38 28 36
38 28 37
38 28 38
38 28 39
38 28 40
38 28 41
38 28 42
38 29 21
38 29 22
38 29 23
38 29 24
38 29 25
38 29 26
38 29 27
38 29 28
38 29 29
38 29 30
38 29 31
38 29 32
38 29 33
38 29 34
38 29 35
38 29 36
38 29 37
38 29 38
38 29 39
38 29 40
38 29 41
38 29 43
38 29 48
38 29 49
38 30 21
38 30 22
38 30 23
38 30 24
38 30 25
38 30 26
38 30 27
38 30 28
38 30 29
38 30 30
38 30 31
38 30 32
38 30 33
38 30 34
38 30 35
38 30 36
38 30 37
38 30 38
38 30 39
38 30 40
38 30 41
38 30 42
38 30 43
38 30 46
38 30 49
38 30 54
38 31 20
38 31 21
38 31 22
38 31 23
38 31 24
38 31 25
38 31 26
38 31 27
38 31 28
38 31 29
38 31 30
38 31 31
38 31 32
38 31 33
38 31 34
38 31 35
38 31 36
38 31 37
38 31 38
38 31 39
38 31 40
38 31 41
38 31 42
38 31 46
38 31 48
38 31 51
38 31 54
38 31 56
38 32 8
38 32 12
38 32 20
38 32 21
38 32 22
38 32 23
38 32 24
38 32 25
38 32 26
38 32 27
38 32 28
38 32 29
38 32 30
38 32 31
38 32 32
38 32 33
38 32 34
38 32 35
38 32 36
38 32 37
38 32 38
38 32 39
38 32 40
38 32 41
38 32 42
38 32 43
38 32 44
38 32 46
38 32 47
38 32 58
38 33 6
38 33 12
38 33 15
38 33 21
38 33 22
38 33 23
38 33 24
38 33 25
38 33 26
38 33 27
38 33 28
38 33 29
38 33 30
38 33 31
38 33 32
38 33 33
38 33 34
38 33 35
38 33 36
38 33 37
38 33 38
38 33 39
38 33 40
38 33 41
38 33 43
38 33 46
38 33 47
38 34 10
38 34 11
38 34 21
38 34 22
38 34 23
38 34 24
38 34 25
38 34 26
38 34 27
38 34 28
38 34 29
38 34 30
38 34 31
38 34 32
38 34 33
38 34 34
38 34 35
38 34 36
38 34 37
38 34 38
38 34 39
38 34 40
38 34 41
38 34 43
38 35 10
38 35 11
38 35 22
38 35 23
38 35 24
38 35 25
38 35 26
38 35 27
38 35 28
38 35 29
38 35 30
38 35 31
38 35 32
38 35 33
38 35 34
38 35 35
38 35 36
38 35 37
38 35 38
38 35 39
38 35 40
38 35 43
38 35 46
38 36 23
38 36 24
38 36 25
38 36 26
38 36 27
38 36 28
38 36 29
38 36 30
38 36 31
38 36 32
38 36 33
38 36 34
38 36 35
38 36 36
38 36 37
38 36 38
38 36 39
38 36 40
38 36 47
38 37 12
38 37 25
38 37 26
38 37 27
38 37 28
38 37 29
38 37 30
38 37 31
38 37 32
38 37 33
38 37 34
38 37 35
38 37 36
38 37 37
38 37 55
38 38 26
38 38 27
38 38 28
38 38 29
38 38 30
38 38 31
38 38 32
38 38 33
38 38 34
38 38 35
38 38 36
38 38 39
38 39 27
38 39 28
38 39 29
38 39 30
38 39 31
38 39 32
38 39 33
38 39 34
38 39 35
38 39 36
38 39 39
38 40 28
38 40 29
38 40 30
38 40 31
38 40 32
38 40 33
38 40 34
38 41 29
38 41 30
38 41 31
38 41 32
38 41 33
38 42 30
38 42 31
38 42 32
38 43 31
38 44 31
38 45 31
38 46 31
39 18 31
39 19 31
39 20 31
39 21 30
39 21 31
39 21 32
39 22 30
39 22 31
39 22 32
39 23 29
39 23 30
39 23 31
39 23 32
39 23 33
39 24 28
39 24 29
39 24 30
39 24 31
39 24 32
39 24 33
39 24 34
39 24 36
39 24 37
39 25 16
39 25 27
39 25 28
39 25 29
39 25 30
39 25 31
39 25 32
39 25 33
39 25 34
39 25 35
39 25 36
39 26 26
39 26 27
39 26 28
39 26 29
39 26 30
39 26 31
39 26 32
39 26 33
39 26 34
39 26 35
39 26 36
39 26 37
39 26 39
39 26 41
39 27 25
39 27 26
39 27 27
39 27 28
39 27 29
39 27 30
39 27 31
39 27 32
39 27 33
39 27 34
39 27 35
39 27 36
39 27 37
39 27 39
39 27 53
39 28 24
39 28 25
39 28 26
39 28 27
39 28 28
39 28 29
39 28 30
39 28 31
39 28 32
39 28 33
39 28 34
39 28 35
39 28 36
39 28 37
39 28 38
39 28 40
39 28 41
39 28 42
39 28 49
39 29 9
39 29 23
39 29 24
39 29 25
39 29 26
39 29 27
39 29 28
39 29 29
39 29 30
39 29 31
39 29 32
39 29 33
39 29 34
39 29 35
39 29 36
39 29 37
39 29 38
39 29 39
39 29 40
39 29 41
39 29 43
39 29 48
39 29 49
39 30 23
39 30 24
39 30 25
39 30 26
39 30 27
39 30 28
39 30 29
39 30 30
39 30 31
39 30 32
39 30 33
39 30 34
39 30 35
39 30 36
39 30 37
39 30 38
39 30 39
39 30 40
39 30 41
39 30 43
39 30 49
39 30 54
39 31 23
39 31 24
39 31 25
39 31 26
39 31 27
39 31 28
39 31 29
39 31 30
39 31 31
39 31 32
39 31 33
39 31 34
39 31 35
39 31 36
39 31 37
39 31 38
39 31 39
39 31 40
39 31 41
39 31 48
39 31 51
39 31 54
39 31 56
39 32 8
39 32 10
39 32 12
39 32 23
39 32 24
39 32 25
39 32 26
39 32 27
39 32 28
39 32 29
39 32 30
39 32 31
39 32 32
39 32 33
39 32 34
39 32 35
39 32 36
39 32 37
39 32 38
39 32 39
39 32 46
39 32 47
39 33 11
39 33 12
39 33 23
39 33 24
39 33 25
39 33 26
39 33 27
39 33 28
39 33 29
39 33 30
39 33 31
39 33 32
39 33 33
39 33 34
39 33 35
39 33 36
39 33 37
39 33 38
39 33 39
39 33 43
39 33 46
39 33 49
39 34 10
39 34 11
39 34 23
39 34 24
39 34 25
39 34 26
39 34 27
39 34 28
39 34 29
39 34 30
39 34 31
39 34 32
39 34 33
39 34 34
39 34 35
39 34 36
39 34 37
39 34 38
39 34 39
39 34 43
39 34 47
39 35 9
39 35 10
39 35 24
39 35 25
39 35 26
39 35 27
39 35 28
39 35 29
39 35 30
39 35 31
39 35 32
39 35 33
39 35 34
39 35 35
39 35 36
39 35 37
39 35 38
39 35 46
39 36 25
39 36 26
39 36 27
39 36 28
39 36 29
39 36 30
39 36 31
39 36 32
39 36 33
39 36 34
39 36 35
39 36 36
39 36 37
39 37 12
39 37 26
39 37 27
39 37 28
39 37 29
39 37 30
39 37 31
39 37 32
39 37 33
39 37 34
39 37 35
39 37 36
39 37 55
39 38 27
39 38 28
39 38 29
39 38 30
39 38 31
39 38 32
39 38 33
39 38 34
39 38 35
39 38 39
39 39 28
39 39 29
39 39 30
39 39 31
39 39 32
39 39 33
39 39 34
39 39 36
39 39 39
39 40 29
39 40 30
39 40 31
39 40 32
39 40 33
39 41 30
39 41 31
39 41 32
39 42 30
39 42 31
39 42 32
39 43 31
39 44 31
39 45 31
40 18 31
40 19 31
40 20 31
40 20 32
40 21 31
40 22 30
40 22 31
40 22 32
40 23 30
40 23 31
40 23 32
40 24 29
40 24 30
40 24 31
40 24 32
40 24 33
40 24 35
40 24 47
40 25 23
40 25 28
40 25 29
40 25 30
40 25 31
40 25 32
40 25 33
40 25 34
40 25 35
40 25 46
40 25 47
40 26 23
40 26 27
40 26 28
40 26 29
40 26 30
40 26 31
40 26 32
40 26 33
40 26 34
40 26 35
40 26 46
40 26 47
40 27 23
40 27 26
40 27 27
40 27 28
40 27 29
40 27 30
40 27 31
40 27 32
40 27 33
40 27 34
40 27 35
40 27 36
40 27 46
40 27 47
40 27 53
40 28 26
40 28 27
40 28 28
40 28 29
40 28 30
40 28 31
40 28 32
40 28 33
40 28 34
40 28 35
40 28 36
40 28 38
40 28 46
40 28 50
40 29 25
40 29 26
40 29 27
40 29 28
40 29 29
40 29 30
40 29 31
40 29 32
40 29 33
40 29 34
40 29 35
40 29 36
40 29 37
40 29 38
40 29 40
40 30 25
40 30 26
40 30 27
40 30 28
40 30 29
40 30 30
40 30 31
40 30 32
40 30 33
40 30 34
40 30 35
40 30 36
40 30 37
40 30 38
40 30 40
40 30 41
40 30 42
40 30 46
40 31 10
40 31 25
40 31 26
40 31 27
40 31 28
40 31 29
40 31 30
40 31 31
40 31 32
40 31 33
40 31 34
40 31 35
40 31 36
40 31 37
40 31 38
40 31 40
40 31 41
40 31 42
40 31 46
40 32 9
40 32 11
40 32 21
40 32 25
40 32 26
40 32 27
40 32 28
40 32 29
40 32 30
40 32 31
40 32 32
40 32 33
40 32 34
40 32 35
40 32 36
40 32 37
40 33 11
40 33 21
40 33 25
40 33 26
40 33 27
40 33 28
40 33 29
40 33 30
40 33 31
40 33 32
40 33 33
40 33 34
40 33 35
40 33 36
40 33 37
40 34 21
40 34 24
40 34 25
40 34 26
40 34 27
40 34 28
40 34 29
40 34 30
40 34 31
40 34 32
40 34 33
40 34 34
40 34 35
40 34 36
40 34 37
40 35 24
40 35 26
40 35 27
40 35 28
40 35 29
40 35 30
40 35 31
40 35 32
40 35 33
40 35 34
40 35 35
40 35 36
40 36 24
40 36 26
40 36 27
40 36 28
40 36 29
40 36 30
40 36 31
40 36 32
40 36 33
40 36 34
40 36 35
40 36 36
40 37 27
40 37 28
40 37 29
40 37 30
40 37 31
40 37 32
40 37 33
40 37 34
40 37 35
40 38 28
40 38 29
40 38 30
40 38 31
40 38 32
40 38 33
40 38 34
40 39 29
40 39 30
40 39 31
40 39 32
40 39 33
40 40 30
40 40 31
40 40 32
40 41 30
40 41 31
40 41 32
40 42 31
40 42 32
40 43 31
40 44 31
40 45 31
41 19 31
41 20 31
41 21 31
41 22 31
41 23 30
41 23 31
41 23 32
41 24 30
41 24 31
41 24 32
41 24 35
41 24 39
41 25 29
41 25 30
41 25 31
41 25 32
41 25 33
41 25 35
41 25 47
41 26 23
41 26 28
41 26 29
41 26 30
41 26 31
41 26 32
41 26 33
41 26 34
41 26 35
41 26 46
41 26 47
41 27 23
41 27 28
41 27 29
41 27 30
41 27 31
41 27 32
41 27 33
41 27 34
41 27 46
41 27 47
41 27 53
41 28 27
41 28 28
41 28 29
41 28 30
41 28 31
41 28 32
41 28 33
41 28 34
41 28 35
41 28 38
41 28 40
41 28 46
41 29 27
41 29 28
41 29 29
41 29 30
41 29 31
41 29 32
41 29 33
41 29 34
41 29 35
41 29 38
41 29 40
41 29 42
41 29 46
41 30 26
41 30 27
41 30 28
41 30 29
41 30 30
41 30 31
41 30 32
41 30 33
41 30 34
41 30 35
41 30 36
41 30 38
41 30 40
41 30 41
41 30 42
41 30 46
41 31 26
41 31 27
41 31 28
41 31 29
41 31 30
41 31 31
41 31 32
41 31 33
41 31 34
41 31 35
41 31 36
41 31 38
41 31 41
41 31 42
41 31 46
41 32 9
41 32 11
41 32 26
41 32 27
41 32 28
41 32 29
41 32 30
41 32 31
41 32 32
41 32 33
41 32 34
41 32 35
41 32 36
41 33 11
41 33 26
41 33 27
41 33 28
41 33 29
41 33 30
41 33 31
41 33 32
41 33 33
41 33 34
41 33 35
41 33 36
41 34 24
41 34 27
41 34 28
41 34 29
41 34 30
41 34 31
41 34 32
41 34 33
41 34 34
41 34 35
41 35 24
41 35 27
41 35 28
41 35 29
41 35 30
41 35 31
41 35 32
41 35 33
41 35 34
41 35 35
41 36 16
41 36 24
41 36 28
41 36 29
41 36 30
41 36 31
41 36 32
41 36 33
41 36 34
41 37 28
41 37 29
41 37 30
41 37 31
41 37 32
41 37 33
41 37 34
41 37 40
41 38 29
41 38 30
41 38 31
41 38 32
41 38 33
41 39 30
41 39 31
41 39 32
41 40 30
41 40 31
41 40 32
41 41 31
41 41 32
41 42 31
41 42 32
41 43 31
41 44 31
42 20 31
42 21 31
42 22 31
42 23 31
42 24 30
42 24 31
42 24 32
42 24 35
42 25 30
42 25 31
42 25 32
42 26 29
42 26 30
42 26 31
42 26 32
42 26 33
42 26 46
42 26 47
42 26 53
42 27 29
42 27 30
42 27 31
42 27 32
42 27 33
42 27 46
42 27 47
42 27 53
42 28 28
42 28 29
42 28 30
42 28 31
42 28 32
42 28 33
42 28 34
42 28 38
42 29 28
42 29 29
42 29 30
42 29 31
42 29 32
42 29 33
42 29 34
42 29 38
42 29 41
42 29 42
42 30 28
42 30 29
42 30 30
42 30 31
42 30 32
42 30 33
42 30 34
42 30 35
42 30 41
42 30 42
42 31 28
42 31 29
42 31 30
42 31 31
42 31 32
42 31 33
42 31 34
42 31 35
42 31 41
42 32 9
42 32 11
42 32 28
42 32 29
42 32 30
42 32 31
42 32 32
42 32 33
42 32 34
42 33 28
42 33 29
42 33 30
42 33 31
42 33 32
42 33 33
42 33 34
42 34 11
42 34 24
42 34 28
42 34 29
42 34 30
42 34 31
42 34 32
42 34 33
42 34 34
42 35 28
42 35 29
42 35 30
42 35 31
42 35 32
42 35 33
42 35 34
42 36 16
42 36 24
42 36 29
42 36 30
42 36 31
42 36 32
42 36 33
42 37 29
42 37 30
42 37 31
42 37 32
42 37 33
42 38 30
42 38 31
42 38 32
42 39 24
42 39 30
42 39 31
42 39 32
42 40 31
42 41 31
42 41 32
42 42 31
42 42 32
42 43 31
43 21 31
43 22 31
43 23 31
43 24 31
43 25 31
43 26 30
43 26 31
43 26 32
43 27 30
43 27 31
43 27 32
43 28 30
43 28 31
43 28 32
43 29 29
43 29 30
43 29 31
43 29 32
43 29 33
43 29 38
43 29 41
43 30 29
43 30 30
43 30 31
43 30 32
43 30 33
43 30 35
43 30 41
43 31 29
43 31 30
43 31 31
43 31 32
43 31 33
43 31 35
43 31 41
43 32 29
43 32 30
43 32 31
43 32 32
43 32 33
43 33 9
43 33 11
43 33 29
43 33 30
43 33 31
43 33 32
43 33 33
43 34 11
43 34 24
43 34 29
43 34 30
43 34 31
43 34 32
43 34 33
43 35 24
43 35 30
43 35 31
43 35 32
43 36 24
43 36 30
43 36 31
43 36 32
43 37 30
43 37 31
43 37 32
43 38 31
43 39 31
43 40 31
43 41 31
43 42 31
43 43 29
44 22 31
44 23 31
44 24 31
44 25 31
44 26 31
44 27 31
44 28 30
44 28 31
44 28 32
44 29 30
44 29 31
44 29 32
44 30 30
44 30 31
44 30 32
44 31 30
44 31 31
44 31 32
44 32 30
44 32 31
44 32 32
44 33 30
44 33 31
44 33 32
44 34 24
44 34 30
44 34 31
44 34 32
44 34 33
44 35 30
44 35 31
44 35 32
44 36 24
44 36 31
44 37 31
44 38 31
44 39 24
44 39 31
44 40 31
44 41 31
45 23 31
45 24 31
45 25 31
45 26 31
45 27 31
45 28 31
45 29 31
45 30 31
45 31 31
45 32 31
45 33 24
45 33 31
45 34 24
45 34 31
45 35 24
45 35 31
45 35 33
45 36 31
45 37 31
45 38 31
45 39 31
45 40 31
46 25 31
46 26 31
46 27 31
46 28 31
46 29 31
46 30 31
46 31 31
46 32 31
46 33 24
46 33 31
46 34 24
46 34 31
46 35 31
46 35 33
46 35 41
46 36 31
46 37 31
46 38 31
47 28 29
47 28 31
47 29 31
47 30 31
47 31 31
47 32 31
47 33 24
47 33 31
47 34 24
47 34 31
47 35 31
47 35 33
47 35 41
