16 28 31
16 29 31
16 30 31
16 31 31
16 32 31
16 33 31
16 34 31
16 35 31
17 25 31
17 26 31
17 27 31
17 28 31
17 29 31
17 30 31
17 31 31
17 32 31
17 33 31
17 34 31
17 35 31
18 24 31
18 25 31
18 26 31
18 27 31
18 28 31
18 29 31
18 30 31
18 31 31
18 32 31
18 33 31
18 34 31
18 35 31
19 24 31
19 25 31
19 26 31
19 27 31
19 28 31
19 28 32
19 29 31
19 29 32
19 30 31
19 30 32
19 31 31
19 31 32
19 32 31
19 33 31
19 34 31
19 35 31
20 24 31
20 25 31
20 26 31
20 27 31
20 28 31
20 28 32
20 29 31
20 29 32
20 29 33
20 30 31
20 30 32
20 30 33
20 31 31
20 31 32
20 31 33
20 32 31
20 33 31
20 34 31
20 35 31
21 24 31
21 25 31
21 26 31
21 27 31
21 28 31
21 28 32
21 28 33
21 29 31
21 29 32
21 29 33
21 30 31
21 30 32
21 30 33
21 31 31
21 31 32
21 31 33
21 32 31
21 33 31
21 34 31
21 35 31
22 24 31
22 25 31
22 26 31
22 27 31
22 28 31
22 28 32
22 28 33
22 29 31
22 29 32
22 29 33
22 30 31
22 30 32
22 30 33
22 31 31
22 31 32
22 31 33
22 32 31
22 33 31
22 34 31
22 35 31
23 24 31
23 25 31
23 26 31
23 27 31
23 28 31
23 28 32
23 28 33
23 29 31
23 29 32
23 29 33
23 30 31
23 30 32
23 30 33
23 31 31
23 31 32
23 31 33
23 32 31
23 33 31
23 34 31
23 35 31
24 20 31
24 21 30
24 21 31
24 21 32
24 22 30
24 22 31
24 22 32
24 23 29
24 23 30
24 23 31
24 23 32
24 23 33
24 28 24
24 28 25
24 28 26
24 28 27
24 28 28
24 28 29
24 28 30
24 28 31
24 29 24
24 29 25
24 29 26
24 29 27
24 29 28
24 29 29
24 29 30
24 29 31
24 30 24
24 30 25
24 30 26
24 30 27
24 30 28
24 30 29
24 30 30
24 30 31
24 31 24
24 31 25
24 31 26
24 31 27
24 31 28
24 31 29
24 31 30
24 31 31
24 32 27
24 32 28
24 32 30
24 32 39
24 33 27
24 33 28
24 33 30
24 33 39
24 34 27
24 34 28
24 34 30
24 34 39
24 35 27
24 35 28
24 35 30
24 36 29
24 36 31
24 36 32
24 36 33
24 36 34
24 36 35
24 36 36
24 36 37
24 37 29
24 37 31
24 37 32
24 37 33
24 37 34
24 37 35
24 37 36
24 38 29
24 38 31
24 38 32
24 38 33
24 38 34
24 38 35
24 39 29
24 39 31
24 39 32
24 39 33
24 39 34
24 40 31
24 40 32
24 40 33
24 41 31
24 41 32
24 42 31
24 42 32
24 43 31
25 20 31
25 21 30
25 21 31
25 21 32
25 22 29
25 22 30
25 22 31
25 22 32
25 22 33
25 23 29
25 23 30
25 23 31
25 23 32
25 23 33
25 28 24
25 28 25
25 28 26
25 28 27
25 28 28
25 28 29
25 28 30
25 28 31
25 28 40
25 29 24
25 29 25
25 29 26
25 29 27
25 29 28
25 29 29
25 29 30
25 29 31
25 29 40
25 29 41
25 30 24
25 30 25
25 30 26
25 30 27
25 30 28
25 30 29
25 30 30
25 30 31
25 30 40
25 30 41
25 31 24
25 31 25
25 31 26
25 31 27
25 31 28
25 31 29
25 31 30
25 31 31
25 31 40
25 31 41
25 31 42
25 32 22
25 32 27
25 32 28
25 32 30
25 32 39
25 32 40
25 32 41
25 32 42
25 33 22
25 33 27
25 33 28
25 33 30
25 33 39
25 33 40
25 33 41
25 34 22
25 34 27
25 34 28
25 34 30
25 34 39
25 34 40
25 34 41
25 35 22
25 35 27
25 35 28
25 35 30
25 35 39
25 35 40
25 36 29
25 36 31
25 36 32
25 36 33
25 36 34
25 36 35
25 36 36
25 36 37
25 36 38
25 36 39
25 37 29
25 37 31
25 37 32
25 37 33
25 37 34
25 37 35
25 37 36
25 37 37
25 38 29
25 38 31
25 38 32
25 38 33
25 38 34
25 38 35
25 38 36
25 39 29
25 39 31
25 39 32
25 39 33
25 39 34
25 39 35
25 40 31
25 40 32
25 40 33
25 40 34
25 41 31
25 41 32
25 41 33
25 42 31
25 42 32
25 43 31
26 20 30
26 20 31
26 20 32
26 21 29
26 21 30
26 21 31
26 21 32
26 21 33
26 22 29
26 22 30
26 22 31
26 22 32
26 22 33
26 23 29
26 23 30
26 23 31
26 23 32
26 23 33
26 27 40
26 28 24
26 28 25
26 28 26
26 28 27
26 28 28
26 28 29
26 28 30
26 28 31
26 28 40
26 28 41
26 28 42
26 29 24
26 29 25
26 29 26
26 29 27
26 29 28
26 29 29
26 29 30
26 29 31
26 29 40
26 29 41
26 29 42
26 29 43
26 30 24
26 30 25
26 30 26
26 30 27
26 30 28
26 30 29
26 30 30
26 30 31
26 30 40
26 30 41
26 30 42
26 30 43
26 30 44
26 31 24
26 31 25
26 31 26
26 31 27
26 31 28
26 31 29
26 31 30
26 31 31
26 31 40
26 31 41
26 31 42
26 31 43
26 31 44
26 32 22
26 32 27
26 32 28
26 32 30
26 32 39
26 32 40
26 32 41
26 32 42
26 32 43
26 32 44
26 33 22
26 33 27
26 33 28
26 33 30
26 33 39
26 33 40
26 33 41
26 33 42
26 33 43
26 33 44
26 34 22
26 34 27
26 34 28
26 34 30
26 34 39
26 34 40
26 34 41
26 34 42
26 34 43
26 35 22
26 35 27
26 35 28
26 35 30
26 35 39
26 35 40
26 35 41
26 35 42
26 36 29
26 36 31
26 36 32
26 36 33
26 36 34
26 36 35
26 36 36
26 36 37
26 36 38
26 36 39
26 36 40
26 37 29
26 37 31
26 37 32
26 37 33
26 37 34
26 37 35
26 37 36
26 37 37
26 37 38
26 37 39
26 38 29
26 38 31
26 38 32
26 38 33
26 38 34
26 38 35
26 38 36
26 38 37
26 39 29
26 39 31
26 39 32
26 39 33
26 39 34
26 39 35
26 39 36
26 40 31
26 40 32
26 40 33
26 40 34
26 41 31
26 41 32
26 41 33
26 41 34
26 42 31
26 42 32
26 42 33
26 43 31
26 43 32
27 20 30
27 20 31
27 20 32
27 21 29
27 21 30
27 21 31
27 21 32
27 21 33
27 22 29
27 22 30
27 22 31
27 22 32
27 22 33
27 23 29
27 23 30
27 23 31
27 23 32
27 23 33
27 26 40
27 27 40
27 27 41
27 28 24
27 28 25
27 28 26
27 28 27
27 28 28
27 28 29
27 28 30
27 28 31
27 28 40
27 28 41
27 28 42
27 28 43
27 28 44
27 29 24
27 29 25
27 29 26
27 29 27
27 29 28
27 29 29
27 29 30
27 29 31
27 29 40
27 29 41
27 29 42
27 29 43
27 29 44
27 29 45
27 30 24
27 30 25
27 30 26
27 30 27
27 30 28
27 30 29
27 30 30
27 30 31
27 30 40
27 30 41
27 30 42
27 30 43
27 30 44
27 30 45
27 30 46
27 31 24
27 31 25
27 31 26
27 31 27
27 31 28
27 31 29
27 31 30
27 31 31
27 31 40
27 31 41
27 31 42
27 31 43
27 31 44
27 31 45
27 31 46
27 31 47
27 32 22
27 32 27
27 32 28
27 32 30
27 32 39
27 32 40
27 32 41
27 32 42
27 32 43
27 32 44
27 32 45
27 32 46
27 32 47
27 33 22
27 33 27
27 33 28
27 33 30
27 33 39
27 33 40
27 33 41
27 33 42
27 33 43
27 33 44
27 33 45
27 33 46
27 34 22
27 34 27
27 34 28
27 34 30
27 34 39
27 34 40
27 34 41
27 34 42
27 34 43
27 34 44
27 34 45
27 35 22
27 35 27
27 35 28
27 35 30
27 35 39
27 35 40
27 35 41
27 35 42
27 35 43
27 35 44
27 36 29
27 36 31
27 36 32
27 36 33
27 36 34
27 36 35
27 36 36
27 36 37
27 36 38
27 36 39
27 36 40
27 36 41
27 36 42
27 37 29
27 37 31
27 37 32
27 37 33
27 37 34
27 37 35
27 37 36
27 37 37
27 37 38
27 37 39
27 37 40
27 38 29
27 38 31
27 38 32
27 38 33
27 38 34
27 38 35
27 38 36
27 38 37
27 38 38
27 38 39
27 39 29
27 39 31
27 39 32
27 39 33
27 39 34
27 39 35
27 39 36
27 39 37
27 40 31
27 40 32
27 40 33
27 40 34
27 41 31
27 41 32
27 41 33
27 41 34
27 42 31
27 42 32
27 42 33
27 43 31
27 43 32
28 20 30
28 20 31
28 20 32
28 21 29
28 21 30
28 21 31
28 21 32
28 21 33
28 22 29
28 22 30
28 22 31
28 22 32
28 22 33
28 23 29
28 23 30
28 23 31
28 23 32
28 23 33
28 25 40
28 26 40
28 26 41
28 27 40
28 27 41
28 28 24
28 28 25
28 28 26
28 28 27
28 28 28
28 28 29
28 28 30
28 28 31
28 28 40
28 28 41
28 28 42
28 28 43
28 28 44
28 28 45
28 28 46
28 29 24
28 29 25
28 29 26
28 29 27
28 29 28
28 29 29
28 29 30
28 29 31
28 29 40
28 29 41
28 29 42
28 29 43
28 29 44
28 29 45
28 29 46
28 29 47
28 29 48
28 30 24
28 30 25
28 30 26
28 30 27
28 30 28
28 30 29
28 30 30
28 30 31
28 30 40
28 30 41
28 30 42
28 30 43
28 30 44
28 30 45
28 30 46
28 30 47
28 30 48
28 30 49
28 31 24
28 31 25
28 31 26
28 31 27
28 31 28
28 31 29
28 31 30
28 31 31
28 31 40
28 31 41
28 31 42
28 31 43
28 31 44
28 31 45
28 31 46
28 31 47
28 31 48
28 31 49
28 31 50
28 32 22
28 32 27
28 32 28
28 32 30
28 32 39
28 32 40
28 32 41
28 32 42
28 32 43
28 32 44
28 32 45
28 32 46
28 32 47
28 32 48
28 32 49
28 32 50
28 33 22
28 33 27
28 33 28
28 33 30
28 33 39
28 33 40
28 33 41
28 33 42
28 33 43
28 33 44
28 33 45
28 33 46
28 33 47
28 33 48
28 33 49
28 34 22
28 34 27
28 34 28
28 34 30
28 34 39
28 34 40
28 34 41
28 34 42
28 34 43
28 34 44
28 34 45
28 34 46
28 34 47
28 34 48
28 35 22
28 35 27
28 35 28
28 35 30
28 35 39
28 35 40
28 35 41
28 35 42
28 35 43
28 35 44
28 35 45
28 35 46
28 36 29
28 36 31
28 36 32
28 36 33
28 36 34
28 36 35
28 36 36
28 36 37
28 36 38
28 36 39
28 36 40
28 36 41
28 36 42
28 36 44
28 37 29
28 37 31
28 37 32
28 37 33
28 37 34
28 37 35
28 37 36
28 37 37
28 37 38
28 37 39
28 37 40
28 37 41
28 37 42
28 38 29
28 38 31
28 38 32
28 38 33
28 38 34
28 38 35
28 38 36
28 38 37
28 38 38
28 38 39
28 38 40
28 39 29
28 39 31
28 39 32
28 39 33
28 39 34
28 39 35
28 39 36
28 39 37
28 39 38
28 40 31
28 40 32
28 40 33
28 40 34
28 41 31
28 41 32
28 41 33
28 41 34
28 42 31
28 42 32
28 42 33
28 42 34
28 43 31
28 43 32
29 20 29
29 20 30
29 20 31
29 20 32
29 20 33
29 21 29
29 21 30
29 21 31
29 21 32
29 21 33
29 22 29
29 22 30
29 22 31
29 22 32
29 22 33
29 23 29
29 23 30
29 23 31
29 23 32
29 23 33
29 25 40
29 25 41
29 26 40
29 26 41
29 27 40
29 27 41
29 28 24
29 28 25
29 28 26
29 28 27
29 28 28
29 28 29
29 28 30
29 28 31
29 28 40
29 28 41
29 28 42
29 28 43
29 28 44
29 28 45
29 28 46
29 28 47
29 28 48
29 29 24
29 29 25
29 29 26
29 29 27
29 29 28
29 29 29
29 29 30
29 29 31
29 29 40
29 29 41
29 29 42
29 29 43
29 29 44
29 29 45
29 29 46
29 29 47
29 29 48
29 29 49
29 29 50
29 30 24
29 30 25
29 30 26
29 30 27
29 30 28
29 30 29
29 30 30
29 30 31
29 30 40
29 30 41
29 30 42
29 30 43
29 30 44
29 30 45
29 30 46
29 30 47
29 30 48
29 30 49
29 30 50
29 30 52
29 31 24
29 31 25
29 31 26
29 31 27
29 31 28
29 31 29
29 31 30
29 31 31
29 31 40
29 31 41
29 31 42
29 31 43
29 31 44
29 31 45
29 31 46
29 31 47
29 31 48
29 31 49
29 31 50
29 31 52
29 32 22
29 32 27
29 32 28
29 32 30
29 32 39
29 32 40
29 32 41
29 32 42
29 32 43
29 32 44
29 32 45
29 32 46
29 32 47
29 32 48
29 32 49
29 32 50
29 32 51
29 32 53
29 33 22
29 33 27
29 33 28
29 33 30
29 33 39
29 33 40
29 33 41
29 33 42
29 33 43
29 33 44
29 33 45
29 33 46
29 33 47
29 33 48
29 33 49
29 33 50
29 33 51
29 34 22
29 34 27
29 34 28
29 34 30
29 34 39
29 34 40
29 34 41
29 34 42
29 34 43
29 34 44
29 34 45
29 34 46
29 34 47
29 34 48
29 34 49
29 34 50
29 35 22
29 35 27
29 35 28
29 35 30
29 35 39
29 35 40
29 35 41
29 35 42
29 35 43
29 35 44
29 35 45
29 35 46
29 35 47
29 35 48
29 36 29
29 36 31
29 36 32
29 36 33
29 36 34
29 36 35
29 36 36
29 36 37
29 36 38
29 36 39
29 36 40
29 36 41
29 36 42
29 36 44
29 37 29
29 37 31
29 37 32
29 37 33
29 37 34
29 37 35
29 37 36
29 37 37
29 37 38
29 37 39
29 37 40
29 37 41
29 37 42
29 38 29
29 38 31
29 38 32
29 38 33
29 38 34
29 38 35
29 38 36
29 38 37
29 38 38
29 38 39
29 38 40
29 38 41
29 39 29
29 39 31
29 39 32
29 39 33
29 39 34
29 39 35
29 39 36
29 39 37
29 39 38
29 39 39
29 40 31
29 40 32
29 40 33
29 40 34
29 41 31
29 41 32
29 41 33
29 41 34
29 42 31
29 42 32
29 42 33
29 42 34
29 43 31
29 43 32
29 43 33
30 20 29
30 20 30
30 20 31
30 20 32
30 20 33
30 21 29
30 21 30
30 21 31
30 21 32
30 21 33
30 22 29
30 22 30
30 22 31
30 22 32
30 22 33
30 23 29
30 23 30
30 23 31
30 23 32
30 23 33
30 25 40
30 25 41
30 26 40
30 26 41
30 27 40
30 27 41
30 28 24
30 28 25
30 28 26
30 28 27
30 28 28
30 28 29
30 28 30
30 28 31
30 28 40
30 28 41
30 28 42
30 28 43
30 28 44
30 28 45
30 28 46
30 28 47
30 28 48
30 28 49
30 29 24
30 29 25
30 29 26
30 29 27
30 29 28
30 29 29
30 29 30
30 29 31
30 29 40
30 29 41
30 29 42
30 29 43
30 29 44
30 29 45
30 29 46
30 29 47
30 29 48
30 29 49
30 29 50
30 29 52
30 30 24
30 30 25
30 30 26
30 30 27
30 30 28
30 30 29
30 30 30
30 30 31
30 30 40
30 30 41
30 30 42
30 30 43
30 30 44
30 30 45
30 30 46
30 30 47
30 30 48
30 30 49
30 30 50
30 30 52
30 31 24
30 31 25
30 31 26
30 31 27
30 31 28
30 31 29
30 31 30
30 31 31
30 31 40
30 31 41
30 31 42
30 31 43
30 31 44
30 31 45
30 31 46
30 31 47
30 31 48
30 31 49
30 31 50
30 31 52
30 31 56
30 32 22
30 32 27
30 32 28
30 32 30
30 32 39
30 32 40
30 32 41
30 32 42
30 32 43
30 32 44
30 32 45
30 32 46
30 32 47
30 32 48
30 32 49
30 32 50
30 32 51
30 32 53
30 32 55
30 32 56
30 33 22
30 33 27
30 33 28
30 33 30
30 33 39
30 33 40
30 33 41
30 33 42
30 33 43
30 33 44
30 33 45
30 33 46
30 33 47
30 33 48
30 33 49
30 33 50
30 33 51
30 33 53
30 33 55
30 34 22
30 34 27
30 34 28
30 34 30
30 34 39
30 34 40
30 34 41
30 34 42
30 34 43
30 34 44
30 34 45
30 34 46
30 34 47
30 34 48
30 34 49
30 34 50
30 34 51
30 35 22
30 35 27
30 35 28
30 35 30
30 35 39
30 35 40
30 35 41
30 35 42
30 35 43
30 35 44
30 35 45
30 35 46
30 35 47
30 35 48
30 35 49
30 36 29
30 36 31
30 36 32
30 36 33
30 36 34
30 36 35
30 36 36
30 36 37
30 36 38
30 36 39
30 36 40
30 36 41
30 36 42
30 36 44
30 37 29
30 37 31
30 37 32
30 37 33
30 37 34
30 37 35
30 37 36
30 37 37
30 37 38
30 37 39
30 37 40
30 37 41
30 37 42
30 37 44
30 38 29
30 38 31
30 38 32
30 38 33
30 38 34
30 38 35
30 38 36
30 38 37
30 38 38
30 38 39
30 38 40
30 38 41
30 39 29
30 39 31
30 39 32
30 39 33
30 39 34
30 39 35
30 39 36
30 39 37
30 39 38
30 39 39
30 40 31
30 40 32
30 40 33
30 40 34
30 41 31
30 41 32
30 41 33
30 41 34
30 42 31
30 42 32
30 42 33
30 42 34
30 43 31
30 43 32
30 43 33
31 20 29
31 20 30
31 20 31
31 20 32
31 20 33
31 21 29
31 21 30
31 21 31
31 21 32
31 21 33
31 22 29
31 22 30
31 22 31
31 22 32
31 22 33
31 23 29
31 23 30
31 23 31
31 23 32
31 23 33
31 25 40
31 25 41
31 26 40
31 26 41
31 27 40
31 27 41
31 28 24
31 28 25
31 28 26
31 28 27
31 28 28
31 28 29
31 28 30
31 28 31
31 28 40
31 28 41
31 28 42
31 28 43
31 28 44
31 28 45
31 28 46
31 28 47
31 28 48
31 28 49
31 28 50
31 29 24
31 29 25
31 29 26
31 29 27
31 29 28
31 29 29
31 29 30
31 29 31
31 29 40
31 29 41
31 29 42
31 29 43
31 29 44
31 29 45
31 29 46
31 29 47
31 29 48
31 29 49
31 29 50
31 29 52
31 30 24
31 30 25
31 30 26
31 30 27
31 30 28
31 30 29
31 30 30
31 30 31
31 30 40
31 30 41
31 30 42
31 30 43
31 30 44
31 30 45
31 30 46
31 30 47
31 30 48
31 30 49
31 30 50
31 30 52
31 30 56
31 31 24
31 31 25
31 31 26
31 31 27
31 31 28
31 31 29
31 31 30
31 31 31
31 31 40
31 31 41
31 31 42
31 31 43
31 31 44
31 31 45
31 31 46
31 31 47
31 31 48
31 31 49
31 31 50
31 31 52
31 31 56
31 31 57
31 31 58
31 31 59
31 31 60
31 32 22
31 32 27
31 32 28
31 32 30
31 32 39
31 32 40
31 32 41
31 32 42
31 32 43
31 32 44
31 32 45
31 32 46
31 32 47
31 32 48
31 32 49
31 32 50
31 32 51
31 32 53
31 32 55
31 32 56
31 32 57
31 32 58
31 32 59
31 32 60
31 33 22
31 33 27
31 33 28
31 33 30
31 33 39
31 33 40
31 33 41
31 33 42
31 33 43
31 33 44
31 33 45
31 33 46
31 33 47
31 33 48
31 33 49
31 33 50
31 33 51
31 33 53
31 33 55
31 33 56
31 34 22
31 34 27
31 34 28
31 34 30
31 34 39
31 34 40
31 34 41
31 34 42
31 34 43
31 34 44
31 34 45
31 34 46
31 34 47
31 34 48
31 34 49
31 34 50
31 34 51
31 34 53
31 35 22
31 35 27
31 35 28
31 35 30
31 35 39
31 35 40
31 35 41
31 35 42
31 35 43
31 35 44
31 35 45
31 35 46
31 35 47
31 35 48
31 35 49
31 35 50
31 36 29
31 36 31
31 36 32
31 36 33
31 36 34
31 36 35
31 36 36
31 36 37
31 36 38
31 36 39
31 36 40
31 36 41
31 36 42
31 36 44
31 37 29
31 37 31
31 37 32
31 37 33
31 37 34
31 37 35
31 37 36
31 37 37
31 37 38
31 37 39
31 37 40
31 37 41
31 37 42
31 37 44
31 38 29
31 38 31
31 38 32
31 38 33
31 38 34
31 38 35
31 38 36
31 38 37
31 38 38
31 38 39
31 38 40
31 38 41
31 38 42
31 39 29
31 39 31
31 39 32
31 39 33
31 39 34
31 39 35
31 39 36
31 39 37
31 39 38
31 39 39
31 40 31
31 40 32
31 40 33
31 40 34
31 41 31
31 41 32
31 41 33
31 41 34
31 42 31
31 42 32
31 42 33
31 42 34
31 43 31
31 43 32
31 43 33
32 20 30
32 20 31
32 20 33
32 21 30
32 21 31
32 21 33
32 22 30
32 22 31
32 22 33
32 23 30
32 23 31
32 23 33
32 24 25
32 24 27
32 24 28
32 24 29
32 24 30
32 24 31
32 24 32
32 24 33
32 24 34
32 24 35
32 24 36
32 24 37
32 24 38
32 24 39
32 25 25
32 25 27
32 25 28
32 25 29
32 25 30
32 25 31
32 25 32
32 25 33
32 25 34
32 25 35
32 25 36
32 25 37
32 25 38
32 25 39
32 25 40
32 25 41
32 25 42
32 26 25
32 26 27
32 26 28
32 26 29
32 26 30
32 26 31
32 26 32
32 26 33
32 26 34
32 26 35
32 26 36
32 26 37
32 26 38
32 26 39
32 26 40
32 26 41
32 26 42
32 26 44
32 27 25
32 27 27
32 27 28
32 27 29
32 27 30
32 27 31
32 27 32
32 27 33
32 27 34
32 27 35
32 27 36
32 27 37
32 27 38
32 27 39
32 27 40
32 27 41
32 27 42
32 27 44
32 28 21
32 28 23
32 28 25
32 28 26
32 28 27
32 28 28
32 28 29
32 28 30
32 28 31
32 28 32
32 28 33
32 28 34
32 28 35
32 28 36
32 28 37
32 28 38
32 28 39
32 28 40
32 28 41
32 28 42
32 28 43
32 28 44
32 28 45
32 28 46
32 28 47
32 28 48
32 28 49
32 28 50
32 29 21
32 29 23
32 29 25
32 29 26
32 29 27
32 29 28
32 29 29
32 29 30
32 29 31
32 29 32
32 29 33
32 29 34
32 29 35
32 29 36
32 29 37
32 29 38
32 29 39
32 29 40
32 29 41
32 29 42
32 29 43
32 29 44
32 29 45
32 29 46
32 29 47
32 29 48
32 29 49
32 29 50
32 29 51
32 29 52
32 30 21
32 30 23
32 30 25
32 30 26
32 30 27
32 30 28
32 30 29
32 30 30
32 30 31
32 30 32
32 30 33
32 30 34
32 30 35
32 30 36
32 30 37
32 30 38
32 30 39
32 30 40
32 30 41
32 30 42
32 30 43
32 30 44
32 30 45
32 30 46
32 30 47
32 30 48
32 30 49
32 30 50
32 30 51
32 30 52
32 30 56
32 31 21
32 31 23
32 31 25
32 31 26
32 31 27
32 31 28
32 31 29
32 31 30
32 31 31
32 31 32
32 31 33
32 31 34
32 31 35
32 31 36
32 31 37
32 31 38
32 31 39
32 31 40
32 31 41
32 31 42
32 31 43
32 31 44
32 31 45
32 31 46
32 31 47
32 31 48
32 31 49
32 31 50
32 31 51
32 31 52
32 31 56
32 31 57
32 31 58
32 31 59
32 31 60
32 32 32
32 32 33
32 32 34
32 32 35
32 32 36
32 32 37
32 32 38
32 32 39
32 32 40
32 32 41
32 32 42
32 32 43
32 32 44
32 32 45
32 32 46
32 32 47
32 32 48
32 32 49
32 32 50
32 32 51
32 32 52
32 32 56
32 32 58
32 32 60
32 33 30
32 33 32
32 33 33
32 33 34
32 33 35
32 33 36
32 33 37
32 33 38
32 33 39
32 33 40
32 33 41
32 33 42
32 33 43
32 33 44
32 33 45
32 33 46
32 33 47
32 33 48
32 33 49
32 33 50
32 33 51
32 33 52
32 33 56
32 34 30
32 34 32
32 34 33
32 34 34
32 34 35
32 34 36
32 34 37
32 34 38
32 34 39
32 34 40
32 34 41
32 34 42
32 34 43
32 34 44
32 34 45
32 34 46
32 34 47
32 34 48
32 34 49
32 34 50
32 34 51
32 34 52
32 35 30
32 35 32
32 35 33
32 35 34
32 35 35
32 35 36
32 35 37
32 35 38
32 35 39
32 35 40
32 35 41
32 35 42
32 35 43
32 35 44
32 35 45
32 35 46
32 35 47
32 35 48
32 35 49
32 35 50
32 36 26
32 36 27
32 36 28
32 36 29
32 36 30
32 36 31
32 36 32
32 36 33
32 36 34
32 36 35
32 36 36
32 36 37
32 36 40
32 36 41
32 36 42
32 36 44
32 37 26
32 37 27
32 37 28
32 37 29
32 37 30
32 37 31
32 37 32
32 37 33
32 37 34
32 37 35
32 37 36
32 37 37
32 37 40
32 37 41
32 37 42
32 37 44
32 38 26
32 38 27
32 38 28
32 38 29
32 38 30
32 38 31
32 38 32
32 38 33
32 38 34
32 38 35
32 38 36
32 38 37
32 38 40
32 38 41
32 38 42
32 39 26
32 39 27
32 39 28
32 39 29
32 39 30
32 39 31
32 39 32
32 39 33
32 39 34
32 39 35
32 39 36
32 39 37
32 40 32
32 40 33
32 40 34
32 41 32
32 41 33
32 41 34
32 42 32
32 42 33
32 42 34
32 43 32
32 43 33
33 20 30
33 20 31
33 20 33
33 21 30
33 21 31
33 21 33
33 22 30
33 22 31
33 22 33
33 23 30
33 23 31
33 23 33
33 24 25
33 24 27
33 24 28
33 24 29
33 24 30
33 24 31
33 24 32
33 24 33
33 24 34
33 24 35
33 24 36
33 24 37
33 24 38
33 24 39
33 25 25
33 25 27
33 25 28
33 25 29
33 25 30
33 25 31
33 25 32
33 25 33
33 25 34
33 25 35
33 25 36
33 25 37
33 25 38
33 25 39
33 25 40
33 25 41
33 26 25
33 26 27
33 26 28
33 26 29
33 26 30
33 26 31
33 26 32
33 26 33
33 26 34
33 26 35
33 26 36
33 26 37
33 26 38
33 26 39
33 26 40
33 26 41
33 26 42
33 26 44
33 27 25
33 27 27
33 27 28
33 27 29
33 27 30
33 27 31
33 27 32
33 27 33
33 27 34
33 27 35
33 27 36
33 27 37
33 27 38
33 27 39
33 27 40
33 27 41
33 27 42
33 27 44
33 28 21
33 28 23
33 28 25
33 28 26
33 28 27
33 28 28
33 28 29
33 28 30
33 28 31
33 28 32
33 28 33
33 28 34
33 28 35
33 28 36
33 28 37
33 28 38
33 28 39
33 28 40
33 28 41
33 28 42
33 28 43
33 28 44
33 28 45
33 28 46
33 28 47
33 28 48
33 28 49
33 29 21
33 29 23
33 29 25
33 29 26
33 29 27
33 29 28
33 29 29
33 29 30
33 29 31
33 29 32
33 29 33
33 29 34
33 29 35
33 29 36
33 29 37
33 29 38
33 29 39
33 29 40
33 29 41
33 29 42
33 29 43
33 29 44
33 29 45
33 29 46
33 29 47
33 29 48
33 29 49
33 29 50
33 29 51
33 29 52
33 30 21
33 30 23
33 30 25
33 30 26
33 30 27
33 30 28
33 30 29
33 30 30
33 30 31
33 30 32
33 30 33
33 30 34
33 30 35
33 30 36
33 30 37
33 30 38
33 30 39
33 30 40
33 30 41
33 30 42
33 30 43
33 30 44
33 30 45
33 30 46
33 30 47
33 30 48
33 30 49
33 30 50
33 30 51
33 30 52
33 31 21
33 31 23
33 31 25
33 31 26
33 31 27
33 31 28
33 31 29
33 31 30
33 31 31
33 31 32
33 31 33
33 31 34
33 31 35
33 31 36
33 31 37
33 31 38
33 31 39
33 31 40
33 31 41
33 31 42
33 31 43
33 31 44
33 31 45
33 31 46
33 31 47
33 31 48
33 31 49
33 31 50
33 31 51
33 31 52
33 31 56
33 32 32
33 32 33
33 32 34
33 32 35
33 32 36
33 32 37
33 32 38
33 32 39
33 32 40
33 32 41
33 32 42
33 32 43
33 32 44
33 32 45
33 32 46
33 32 47
33 32 48
33 32 49
33 32 50
33 32 51
33 32 52
33 32 56
33 33 30
33 33 32
33 33 33
33 33 34
33 33 35
33 33 36
33 33 37
33 33 38
33 33 39
33 33 40
33 33 41
33 33 42
33 33 43
33 33 44
33 33 45
33 33 46
33 33 47
33 33 48
33 33 49
33 33 50
33 33 51
33 33 52
33 34 30
33 34 32
33 34 33
33 34 34
33 34 35
33 34 36
33 34 37
33 34 38
33 34 39
33 34 40
33 34 41
33 34 42
33 34 43
33 34 44
33 34 45
33 34 46
33 34 47
33 34 48
33 34 49
33 34 50
33 34 51
33 34 52
33 35 30
33 35 32
33 35 33
33 35 34
33 35 35
33 35 36
33 35 37
33 35 38
33 35 39
33 35 40
33 35 41
33 35 42
33 35 43
33 35 44
33 35 45
33 35 46
33 35 47
33 35 48
33 35 49
33 36 26
33 36 27
33 36 28
33 36 29
33 36 30
33 36 31
33 36 32
33 36 33
33 36 34
33 36 35
33 36 36
33 36 37
33 36 40
33 36 41
33 36 42
33 36 44
33 37 26
33 37 27
33 37 28
33 37 29
33 37 30
33 37 31
33 37 32
33 37 33
33 37 34
33 37 35
33 37 36
33 37 37
33 37 40
33 37 41
33 37 42
33 37 44
33 38 26
33 38 27
33 38 28
33 38 29
33 38 30
33 38 31
33 38 32
33 38 33
33 38 34
33 38 35
33 38 36
33 38 37
33 38 40
33 38 41
33 39 26
33 39 27
33 39 28
33 39 29
33 39 30
33 39 31
33 39 32
33 39 33
33 39 34
33 39 35
33 39 36
33 39 37
33 40 32
33 40 33
33 40 34
33 41 32
33 41 33
33 41 34
33 42 32
33 42 33
33 42 34
33 43 32
33 43 33
34 20 30
34 20 31
34 20 33
34 21 30
34 21 31
34 21 33
34 22 30
34 22 31
34 22 33
34 23 30
34 23 31
34 23 33
34 24 25
34 24 27
34 24 28
34 24 29
34 24 30
34 24 31
34 24 32
34 24 33
34 24 34
34 24 35
34 24 36
34 24 37
34 24 38
34 24 39
34 25 25
34 25 27
34 25 28
34 25 29
34 25 30
34 25 31
34 25 32
34 25 33
34 25 34
34 25 35
34 25 36
34 25 37
34 25 38
34 25 39
34 25 40
34 25 41
34 26 25
34 26 27
34 26 28
34 26 29
34 26 30
34 26 31
34 26 32
34 26 33
34 26 34
34 26 35
34 26 36
34 26 37
34 26 38
34 26 39
34 26 40
34 26 41
34 26 42
34 27 25
34 27 27
34 27 28
34 27 29
34 27 30
34 27 31
34 27 32
34 27 33
34 27 34
34 27 35
34 27 36
34 27 37
34 27 38
34 27 39
34 27 40
34 27 41
34 27 42
34 27 44
34 28 21
34 28 23
34 28 25
34 28 26
34 28 27
34 28 28
34 28 29
34 28 30
34 28 31
34 28 32
34 28 33
34 28 34
34 28 35
34 28 36
34 28 37
34 28 38
34 28 39
34 28 40
34 28 41
34 28 42
34 28 43
34 28 44
34 28 45
34 28 46
34 28 47
34 28 48
34 29 21
34 29 23
34 29 25
34 29 26
34 29 27
34 29 28
34 29 29
34 29 30
34 29 31
34 29 32
34 29 33
34 29 34
34 29 35
34 29 36
34 29 37
34 29 38
34 29 39
34 29 40
34 29 41
34 29 42
34 29 43
34 29 44
34 29 45
34 29 46
34 29 47
34 29 48
34 29 49
34 29 50
34 30 21
34 30 23
34 30 25
34 30 26
34 30 27
34 30 28
34 30 29
34 30 30
34 30 31
34 30 32
34 30 33
34 30 34
34 30 35
34 30 36
34 30 37
34 30 38
34 30 39
34 30 40
34 30 41
34 30 42
34 30 43
34 30 44
34 30 45
34 30 46
34 30 47
34 30 48
34 30 49
34 30 50
34 30 51
34 30 52
34 31 21
34 31 23
34 31 25
34 31 26
34 31 27
34 31 28
34 31 29
34 31 30
34 31 31
34 31 32
34 31 33
34 31 34
34 31 35
34 31 36
34 31 37
34 31 38
34 31 39
34 31 40
34 31 41
34 31 42
34 31 43
34 31 44
34 31 45
34 31 46
34 31 47
34 31 48
34 31 49
34 31 50
34 31 51
34 31 52
34 32 30
34 32 32
34 32 33
34 32 34
34 32 35
34 32 36
34 32 37
34 32 38
34 32 39
34 32 40
34 32 41
34 32 42
34 32 43
34 32 44
34 32 45
34 32 46
34 32 47
34 32 48
34 32 49
34 32 50
34 32 51
34 32 52
34 33 30
34 33 32
34 33 33
34 33 34
34 33 35
34 33 36
34 33 37
34 33 38
34 33 39
34 33 40
34 33 41
34 33 42
34 33 43
34 33 44
34 33 45
34 33 46
34 33 47
34 33 48
34 33 49
34 33 50
34 33 51
34 33 52
34 34 30
34 34 32
34 34 33
34 34 34
34 34 35
34 34 36
34 34 37
34 34 38
34 34 39
34 34 40
34 34 41
34 34 42
34 34 43
34 34 44
34 34 45
34 34 46
34 34 47
34 34 48
34 34 49
34 34 50
34 35 30
34 35 32
34 35 33
34 35 34
34 35 35
34 35 36
34 35 37
34 35 38
34 35 39
34 35 40
34 35 41
34 35 42
34 35 43
34 35 44
34 35 45
34 35 46
34 35 47
34 35 48
34 36 26
34 36 27
34 36 28
34 36 29
34 36 30
34 36 31
34 36 32
34 36 33
34 36 34
34 36 35
34 36 36
34 36 37
34 36 40
34 36 41
34 36 42
34 36 44
34 37 26
34 37 27
34 37 28
34 37 29
34 37 30
34 37 31
34 37 32
34 37 33
34 37 34
34 37 35
34 37 36
34 37 37
34 37 40
34 37 41
34 37 42
34 38 26
34 38 27
34 38 28
34 38 29
34 38 30
34 38 31
34 38 32
34 38 33
34 38 34
34 38 35
34 38 36
34 38 37
34 38 40
34 38 41
34 39 26
34 39 27
34 39 28
34 39 29
34 39 30
34 39 31
34 39 32
34 39 33
34 39 34
34 39 35
34 39 36
34 39 37
34 40 32
34 40 33
34 40 34
34 41 32
34 41 33
34 41 34
34 42 32
34 42 33
34 42 34
34 43 32
34 43 33
35 20 30
35 20 31
35 21 30
35 21 31
35 21 33
35 22 30
35 22 31
35 22 33
35 23 30
35 23 31
35 23 33
35 24 25
35 24 27
35 24 28
35 24 29
35 24 30
35 24 31
35 24 32
35 24 33
35 24 34
35 24 35
35 24 36
35 24 37
35 24 38
35 25 25
35 25 27
35 25 28
35 25 29
35 25 30
35 25 31
35 25 32
35 25 33
35 25 34
35 25 35
35 25 36
35 25 37
35 25 38
35 25 39
35 25 40
35 26 25
35 26 27
35 26 28
35 26 29
35 26 30
35 26 31
35 26 32
35 26 33
35 26 34
35 26 35
35 26 36
35 26 37
35 26 38
35 26 39
35 26 40
35 26 41
35 26 42
35 27 25
35 27 27
35 27 28
35 27 29
35 27 30
35 27 31
35 27 32
35 27 33
35 27 34
35 27 35
35 27 36
35 27 37
35 27 38
35 27 39
35 27 40
35 27 41
35 27 42
35 27 44
35 28 21
35 28 23
35 28 25
35 28 26
35 28 27
35 28 28
35 28 29
35 28 30
35 28 31
35 28 32
35 28 33
35 28 34
35 28 35
35 28 36
35 28 37
35 28 38
35 28 39
35 28 40
35 28 41
35 28 42
35 28 43
35 28 44
35 28 45
35 28 46
35 29 21
35 29 23
35 29 25
35 29 26
35 29 27
35 29 28
35 29 29
35 29 30
35 29 31
35 29 32
35 29 33
35 29 34
35 29 35
35 29 36
35 29 37
35 29 38
35 29 39
35 29 40
35 29 41
35 29 42
35 29 43
35 29 44
35 29 45
35 29 46
35 29 47
35 29 48
35 30 21
35 30 23
35 30 25
35 30 26
35 30 27
35 30 28
35 30 29
35 30 30
35 30 31
35 30 32
35 30 33
35 30 34
35 30 35
35 30 36
35 30 37
35 30 38
35 30 39
35 30 40
35 30 41
35 30 42
35 30 43
35 30 44
35 30 45
35 30 46
35 30 47
35 30 48
35 30 49
35 31 21
35 31 23
35 31 25
35 31 26
35 31 27
35 31 28
35 31 29
35 31 30
35 31 31
35 31 32
35 31 33
35 31 34
35 31 35
35 31 36
35 31 37
35 31 38
35 31 39
35 31 40
35 31 41
35 31 42
35 31 43
35 31 44
35 31 45
35 31 46
35 31 47
35 31 48
35 31 49
35 31 50
35 32 30
35 32 32
35 32 33
35 32 34
35 32 35
35 32 36
35 32 37
35 32 38
35 32 39
35 32 40
35 32 41
35 32 42
35 32 43
35 32 44
35 32 45
35 32 46
35 32 47
35 32 48
35 32 49
35 32 50
35 33 30
35 33 32
35 33 33
35 33 34
35 33 35
35 33 36
35 33 37
35 33 38
35 33 39
35 33 40
35 33 41
35 33 42
35 33 43
35 33 44
35 33 45
35 33 46
35 33 47
35 33 48
35 33 49
35 34 30
35 34 32
35 34 33
35 34 34
35 34 35
35 34 36
35 34 37
35 34 38
35 34 39
35 34 40
35 34 41
35 34 42
35 34 43
35 34 44
35 34 45
35 34 46
35 34 47
35 34 48
35 35 30
35 35 32
35 35 33
35 35 34
35 35 35
35 35 36
35 35 37
35 35 38
35 35 39
35 35 40
35 35 41
35 35 42
35 35 43
35 35 44
35 35 45
35 35 46
35 36 26
35 36 27
35 36 28
35 36 29
35 36 30
35 36 31
35 36 32
35 36 33
35 36 34
35 36 35
35 36 36
35 36 37
35 36 40
35 36 41
35 36 42
35 36 44
35 37 26
35 37 27
35 37 28
35 37 29
35 37 30
35 37 31
35 37 32
35 37 33
35 37 34
35 37 35
35 37 36
35 37 37
35 37 40
35 37 41
35 37 42
35 38 26
35 38 27
35 38 28
35 38 29
35 38 30
35 38 31
35 38 32
35 38 33
35 38 34
35 38 35
35 38 36
35 38 37
35 38 40
35 39 26
35 39 27
35 39 28
35 39 29
35 39 30
35 39 31
35 39 32
35 39 33
35 39 34
35 39 35
35 39 36
35 39 37
35 40 32
35 40 33
35 40 34
35 41 32
35 41 33
35 41 34
35 42 32
35 42 33
35 42 34
35 43 32
36 20 30
36 20 31
36 21 30
36 21 31
36 21 33
36 22 30
36 22 31
36 22 33
36 23 30
36 23 31
36 23 33
36 24 25
36 24 27
36 24 28
36 24 29
36 24 30
36 24 31
36 24 32
36 24 33
36 24 34
36 24 35
36 24 36
36 24 37
36 25 25
36 25 27
36 25 28
36 25 29
36 25 30
36 25 31
36 25 32
36 25 33
36 25 34
36 25 35
36 25 36
36 25 37
36 25 38
36 25 39
36 26 25
36 26 27
36 26 28
36 26 29
36 26 30
36 26 31
36 26 32
36 26 33
36 26 34
36 26 35
36 26 36
36 26 37
36 26 38
36 26 39
36 26 40
36 27 25
36 27 27
36 27 28
36 27 29
36 27 30
36 27 31
36 27 32
36 27 33
36 27 34
36 27 35
36 27 36
36 27 37
36 27 38
36 27 39
36 27 40
36 27 41
36 27 42
36 28 21
36 28 23
36 28 25
36 28 26
36 28 27
36 28 28
36 28 29
36 28 30
36 28 31
36 28 32
36 28 33
36 28 34
36 28 35
36 28 36
36 28 37
36 28 38
36 28 39
36 28 40
36 28 41
36 28 42
36 28 43
36 28 44
36 29 21
36 29 23
36 29 25
36 29 26
36 29 27
36 29 28
36 29 29
36 29 30
36 29 31
36 29 32
36 29 33
36 29 34
36 29 35
36 29 36
36 29 37
36 29 38
36 29 39
36 29 40
36 29 41
36 29 42
36 29 43
36 29 44
36 29 45
36 30 21
36 30 23
36 30 25
36 30 26
36 30 27
36 30 28
36 30 29
36 30 30
36 30 31
36 30 32
36 30 33
36 30 34
36 30 35
36 30 36
36 30 37
36 30 38
36 30 39
36 30 40
36 30 41
36 30 42
36 30 43
36 30 44
36 30 45
36 30 46
36 31 21
36 31 23
36 31 25
36 31 26
36 31 27
36 31 28
36 31 29
36 31 30
36 31 31
36 31 32
36 31 33
36 31 34
36 31 35
36 31 36
36 31 37
36 31 38
36 31 39
36 31 40
36 31 41
36 31 42
36 31 43
36 31 44
36 31 45
36 31 46
36 31 47
36 32 30
36 32 32
36 32 33
36 32 34
36 32 35
36 32 36
36 32 37
36 32 38
36 32 39
36 32 40
36 32 41
36 32 42
36 32 43
36 32 44
36 32 45
36 32 46
36 32 47
36 33 30
36 33 32
36 33 33
36 33 34
36 33 35
36 33 36
36 33 37
36 33 38
36 33 39
36 33 40
36 33 41
36 33 42
36 33 43
36 33 44
36 33 45
36 33 46
36 34 30
36 34 32
36 34 33
36 34 34
36 34 35
36 34 36
36 34 37
36 34 38
36 34 39
36 34 40
36 34 41
36 34 42
36 34 43
36 34 44
36 34 45
36 35 30
36 35 32
36 35 33
36 35 34
36 35 35
36 35 36
36 35 37
36 35 38
36 35 39
36 35 40
36 35 41
36 35 42
36 35 43
36 35 44
36 36 26
36 36 27
36 36 28
36 36 29
36 36 30
36 36 31
36 36 32
36 36 33
36 36 34
36 36 35
36 36 36
36 36 37
36 36 40
36 36 41
36 36 42
36 37 26
36 37 27
36 37 28
36 37 29
36 37 30
36 37 31
36 37 32
36 37 33
36 37 34
36 37 35
36 37 36
36 37 37
36 37 40
36 38 26
36 38 27
36 38 28
36 38 29
36 38 30
36 38 31
36 38 32
36 38 33
36 38 34
36 38 35
36 38 36
36 38 37
36 39 26
36 39 27
36 39 28
36 39 29
36 39 30
36 39 31
36 39 32
36 39 33
36 39 34
36 39 35
36 39 36
36 39 37
36 40 32
36 40 33
36 40 34
36 41 32
36 41 33
36 41 34
36 42 32
36 42 33
36 43 32
37 20 30
37 20 31
37 21 30
37 21 31
37 21 33
37 22 30
37 22 31
37 22 33
37 23 30
37 23 31
37 23 33
37 24 27
37 24 28
37 24 29
37 24 30
37 24 31
37 24 32
37 24 33
37 24 34
37 24 35
37 24 36
37 25 25
37 25 27
37 25 28
37 25 29
37 25 30
37 25 31
37 25 32
37 25 33
37 25 34
37 25 35
37 25 36
37 25 37
37 26 25
37 26 27
37 26 28
37 26 29
37 26 30
37 26 31
37 26 32
37 26 33
37 26 34
37 26 35
37 26 36
37 26 37
37 26 38
37 26 39
37 27 25
37 27 27
37 27 28
37 27 29
37 27 30
37 27 31
37 27 32
37 27 33
37 27 34
37 27 35
37 27 36
37 27 37
37 27 38
37 27 39
37 27 40
37 28 21
37 28 23
37 28 25
37 28 26
37 28 27
37 28 28
37 28 29
37 28 30
37 28 31
37 28 32
37 28 33
37 28 34
37 28 35
37 28 36
37 28 37
37 28 38
37 28 39
37 28 40
37 28 41
37 28 42
37 29 21
37 29 23
37 29 25
37 29 26
37 29 27
37 29 28
37 29 29
37 29 30
37 29 31
37 29 32
37 29 33
37 29 34
37 29 35
37 29 36
37 29 37
37 29 38
37 29 39
37 29 40
37 29 41
37 29 42
37 29 43
37 30 21
37 30 23
37 30 25
37 30 26
37 30 27
37 30 28
37 30 29
37 30 30
37 30 31
37 30 32
37 30 33
37 30 34
37 30 35
37 30 36
37 30 37
37 30 38
37 30 39
37 30 40
37 30 41
37 30 42
37 30 43
37 30 44
37 31 21
37 31 23
37 31 25
37 31 26
37 31 27
37 31 28
37 31 29
37 31 30
37 31 31
37 31 32
37 31 33
37 31 34
37 31 35
37 31 36
37 31 37
37 31 38
37 31 39
37 31 40
37 31 41
37 31 42
37 31 43
37 31 44
37 32 30
37 32 32
37 32 33
37 32 34
37 32 35
37 32 36
37 32 37
37 32 38
37 32 39
37 32 40
37 32 41
37 32 42
37 32 43
37 32 44
37 33 30
37 33 32
37 33 33
37 33 34
37 33 35
37 33 36
37 33 37
37 33 38
37 33 39
37 33 40
37 33 41
37 33 42
37 33 43
37 33 44
37 34 30
37 34 32
37 34 33
37 34 34
37 34 35
37 34 36
37 34 37
37 34 38
37 34 39
37 34 40
37 34 41
37 34 42
37 34 43
37 35 30
37 35 32
37 35 33
37 35 34
37 35 35
37 35 36
37 35 37
37 35 38
37 35 39
37 35 40
37 35 41
37 35 42
37 36 26
37 36 27
37 36 28
37 36 29
37 36 30
37 36 31
37 36 32
37 36 33
37 36 34
37 36 35
37 36 36
37 36 37
37 36 40
37 37 26
37 37 27
37 37 28
37 37 29
37 37 30
37 37 31
37 37 32
37 37 33
37 37 34
37 37 35
37 37 36
37 37 37
37 38 26
37 38 27
37 38 28
37 38 29
37 38 30
37 38 31
37 38 32
37 38 33
37 38 34
37 38 35
37 38 36
37 38 37
37 39 26
37 39 27
37 39 28
37 39 29
37 39 30
37 39 31
37 39 32
37 39 33
37 39 34
37 39 35
37 39 36
37 40 32
37 40 33
37 40 34
37 41 32
37 41 33
37 41 34
37 42 32
37 42 33
37 43 32
38 20 31
38 21 30
38 21 31
38 22 30
38 22 31
38 22 33
38 23 30
38 23 31
38 23 33
38 24 27
38 24 28
38 24 29
38 24 30
38 24 31
38 24 32
38 24 33
38 24 34
38 24 35
38 25 27
38 25 28
38 25 29
38 25 30
38 25 31
38 25 32
38 25 33
38 25 34
38 25 35
38 25 36
38 26 25
38 26 27
38 26 28
38 26 29
38 26 30
38 26 31
38 26 32
38 26 33
38 26 34
38 26 35
38 26 36
38 26 37
38 27 25
38 27 27
38 27 28
38 27 29
38 27 30
38 27 31
38 27 32
38 27 33
38 27 34
38 27 35
38 27 36
38 27 37
38 27 38
38 27 39
38 28 23
38 28 25
38 28 26
38 28 27
38 28 28
38 28 29
38 28 30
38 28 31
38 28 32
38 28 33
38 28 34
38 28 35
38 28 36
38 28 37
38 28 38
38 28 39
38 28 40
38 29 21
38 29 23
38 29 25
38 29 26
38 29 27
38 29 28
38 29 29
38 29 30
38 29 31
38 29 32
38 29 33
38 29 34
38 29 35
38 29 36
38 29 37
38 29 38
38 29 39
38 29 40
38 29 41
38 30 21
38 30 23
38 30 25
38 30 26
38 30 27
38 30 28
38 30 29
38 30 30
38 30 31
38 30 32
38 30 33
38 30 34
38 30 35
38 30 36
38 30 37
38 30 38
38 30 39
38 30 40
38 30 41
38 31 21
38 31 23
38 31 25
38 31 26
38 31 27
38 31 28
38 31 29
38 31 30
38 31 31
38 31 32
38 31 33
38 31 34
38 31 35
38 31 36
38 31 37
38 31 38
38 31 39
38 31 40
38 31 41
38 31 42
38 32 30
38 32 32
38 32 33
38 32 34
38 32 35
38 32 36
38 32 37
38 32 38
38 32 39
38 32 40
38 32 41
38 32 42
38 33 30
38 33 32
38 33 33
38 33 34
38 33 35
38 33 36
38 33 37
38 33 38
38 33 39
38 33 40
38 33 41
38 34 30
38 34 32
38 34 33
38 34 34
38 34 35
38 34 36
38 34 37
38 34 38
38 34 39
38 34 40
38 34 41
38 35 30
38 35 32
38 35 33
38 35 34
38 35 35
38 35 36
38 35 37
38 35 38
38 35 39
38 35 40
38 36 26
38 36 27
38 36 28
38 36 29
38 36 30
38 36 31
38 36 32
38 36 33
38 36 34
38 36 35
38 36 36
38 36 37
38 37 26
38 37 27
38 37 28
38 37 29
38 37 30
38 37 31
38 37 32
38 37 33
38 37 34
38 37 35
38 37 36
38 37 37
38 38 26
38 38 27
38 38 28
38 38 29
38 38 30
38 38 31
38 38 32
38 38 33
38 38 34
38 38 35
38 38 36
38 39 27
38 39 28
38 39 29
38 39 30
38 39 31
38 39 32
38 39 33
38 39 34
38 39 35
38 40 32
38 40 33
38 40 34
38 41 32
38 41 33
38 42 32
39 20 31
39 21 30
39 21 31
39 22 30
39 22 31
39 23 30
39 23 31
39 23 33
39 24 28
39 24 29
39 24 30
39 24 31
39 24 32
39 24 33
39 24 34
39 25 27
39 25 28
39 25 29
39 25 30
39 25 31
39 25 32
39 25 33
39 25 34
39 25 35
39 26 27
39 26 28
39 26 29
39 26 30
39 26 31
39 26 32
39 26 33
39 26 34
39 26 35
39 26 36
39 27 25
39 27 27
39 27 28
39 27 29
39 27 30
39 27 31
39 27 32
39 27 33
39 27 34
39 27 35
39 27 36
39 27 37
39 28 25
39 28 26
39 28 27
39 28 28
39 28 29
39 28 30
39 28 31
39 28 32
39 28 33
39 28 34
39 28 35
39 28 36
39 28 37
39 28 38
39 29 23
39 29 25
39 29 26
39 29 27
39 29 28
39 29 29
39 29 30
39 29 31
39 29 32
39 29 33
39 29 34
39 29 35
39 29 36
39 29 37
39 29 38
39 29 39
39 30 23
39 30 25
39 30 26
39 30 27
39 30 28
39 30 29
39 30 30
39 30 31
39 30 32
39 30 33
39 30 34
39 30 35
39 30 36
39 30 37
39 30 38
39 30 39
39 31 23
39 31 25
39 31 26
39 31 27
39 31 28
39 31 29
39 31 30
39 31 31
39 31 32
39 31 33
39 31 34
39 31 35
39 31 36
39 31 37
39 31 38
39 31 39
39 32 30
39 32 32
39 32 33
39 32 34
39 32 35
39 32 36
39 32 37
39 32 38
39 32 39
39 33 30
39 33 32
39 33 33
39 33 34
39 33 35
39 33 36
39 33 37
39 33 38
39 33 39
39 34 30
39 34 32
39 34 33
39 34 34
39 34 35
39 34 36
39 34 37
39 34 38
39 34 39
39 35 30
39 35 32
39 35 33
39 35 34
39 35 35
39 35 36
39 35 37
39 35 38
39 36 26
39 36 27
39 36 28
39 36 29
39 36 30
39 36 31
39 36 32
39 36 33
39 36 34
39 36 35
39 36 36
39 36 37
39 37 26
39 37 27
39 37 28
39 37 29
39 37 30
39 37 31
39 37 32
39 37 33
39 37 34
39 37 35
39 37 36
39 38 27
39 38 28
39 38 29
39 38 30
39 38 31
39 38 32
39 38 33
39 38 34
39 38 35
39 39 28
39 39 29
39 39 30
39 39 31
39 39 32
39 39 33
39 39 34
39 40 32
39 40 33
39 41 32
39 42 32
40 28 31
40 28 32
40 29 31
40 29 32
40 30 31
40 30 32
40 31 31
40 31 32
40 32 31
40 32 32
40 32 33
40 33 31
40 33 32
40 33 33
40 34 31
40 34 32
40 34 33
40 35 31
40 35 32
40 35 33
40 36 31
40 36 32
40 37 31
40 37 32
40 38 31
40 38 32
40 39 31
40 39 32
41 28 31
41 28 32
41 29 31
41 29 32
41 30 31
41 30 32
41 31 31
41 31 32
41 32 31
41 32 32
41 32 33
41 33 31
41 33 32
41 33 33
41 34 31
41 34 32
41 34 33
41 35 31
41 35 32
41 35 33
41 36 31
41 36 32
41 37 31
41 37 32
41 38 31
41 38 32
41 39 31
41 39 32
42 28 31
42 28 32
42 29 31
42 29 32
42 30 31
42 30 32
42 31 31
42 31 32
42 32 31
42 32 32
42 32 33
42 33 31
42 33 32
42 33 33
42 34 31
42 34 32
42 34 33
42 35 31
42 35 32
42 35 33
42 36 31
42 36 32
42 37 31
42 37 32
42 38 31
42 38 32
42 39 31
42 39 32
43 28 31
43 28 32
43 29 31
43 29 32
43 30 31
43 30 32
43 31 31
43 31 32
43 32 31
43 32 32
43 32 33
43 33 31
43 33 32
43 33 33
43 34 31
43 34 32
43 34 33
43 35 31
43 35 32
43 36 31
43 36 32
43 37 31
43 37 32
43 38 31
43 39 31
44 28 31
44 28 32
44 29 31
44 29 32
44 30 31
44 30 32
44 31 31
44 31 32
44 32 31
44 32 32
44 33 31
44 33 32
44 34 31
44 34 32
44 35 31
44 35 32
44 36 31
44 37 31
44 38 31
44 39 31
45 28 31
45 29 31
45 30 31
45 31 31
45 32 31
45 33 31
45 34 31
45 35 31
45 36 31
45 37 31
45 38 31
45 39 31
46 28 31
46 29 31
46 30 31
46 31 31
46 32 31
46 33 31
46 34 31
46 35 31
46 36 31
46 37 31
46 38 31
47 28 31
47 29 31
47 30 31
47 31 31
47 32 31
47 33 31
47 34 31
47 35 31
